+1.0000000000000e-02
+1.0000000000000e-02
+1.0000000000000e-02
+1.0000000000000e-02
+1.0000000000000e-02
+1.0000000000000e-02
+1.0000000000000e-02
+1.0000000000000e-02
+1.0000000000000e-02
+1.0000000000000e-02
+1.0000000000000e-02
+1.0000000000000e-02
+1.0000000000000e-02
+1.0000000000000e-02
+1.0000000000000e-02
+1.0000000000000e-02
+1.0000000000000e-02
+1.0000000000000e-02
+1.0000000000000e-02
+1.0000000000000e-02
+1.0000000000000e-02
+1.0000000000000e-02
+1.0000000000000e-02
+1.0000000000000e-02
+1.0000000000000e-02
+1.0000000000000e-02
+1.0000000000000e-02
+1.0000000000000e-02
+1.0000000000000e-02
+1.0000000000000e-02
+1.0000000000000e-02
+1.0000000000000e-02
+1.0000000000000e-02
+1.0000000000000e-02
+1.0000000000000e-02
+1.0000000000000e-02
+1.0000000000000e-02
+1.0000000000000e-02
+1.0000000000000e-02
+1.0000000000000e-02
+1.0000000000000e-02
+1.0000000000000e-02
+1.0000000000000e-02
+1.0000000000000e-02
+1.0000000000000e-02
+1.0000000000000e-02
+1.0000000000000e-02
+1.0000000000000e-02
+1.0000000000000e-02
+1.0000000000000e-02
+1.0000000000000e-02
+1.0000000000000e-02
+1.0000000000000e-02
+1.0000000000000e-02
+1.0000000000000e-02
+1.0000000000000e-02
+1.0000000000000e-02
+1.0000000000000e-02
+1.0000000000000e-02
+1.0000000000000e-02
+1.0000000000000e-02
+1.0000000000000e-02
+1.0000000000000e-02
+1.0000000000000e-02
+1.0000000000000e-02
+1.0000000000000e-02
+1.0000000000000e-02
+1.0000000000000e-02
+1.0000000000000e-02
+1.0000000000000e-02
+1.0000000000000e-02
+1.0000000000000e-02
+1.0000000000000e-02
+1.0000000000000e-02
+1.0000000000000e-02
+1.0000000000000e-02
+1.0000000000000e-02
+1.0000000000000e-02
+1.0000000000000e-02
+1.0000000000000e-02
+1.0000000000000e-02
+1.0000000000000e-02
+1.0000000000000e-02
+1.0000000000000e-02
+1.0000000000000e-02
+1.0000000000000e-02
+1.0000000000000e-02
+1.0000000000000e-02
+1.0000000000000e-02
+1.0000000000000e-02
+1.0000000000000e-02
+1.0000000000000e-02
+1.0000000000000e-02
+1.0000000000000e-02
+1.0000000000000e-02
+1.0000000000000e-02
+1.0000000000000e-02
+1.0000000000000e-02
+1.0000000000000e-02
+1.0000000000000e-02
+1.0000000000000e-02
+1.0000000000000e-02
+1.0000000000000e-02
+1.0000000000000e-02
+1.0000000000000e-02
+1.0000000000000e-02
+1.0000000000000e-02
+1.0000000000000e-02
+1.0000000000000e-02
+1.0000000000000e-02
+1.0000000000000e-02
+1.0000000000000e-02
+1.0000000000000e-02
+1.0000000000000e-02
+1.0000000000000e-02
+1.0000000000000e-02
+1.0000000000000e-02
+1.0000000000000e-02
+1.0000000000000e-02
+1.0000000000000e-02
+1.0000000000000e-02
+1.0000000000000e-02
+1.0000000000000e-02
+1.0000000000000e-02
+1.0000000000000e-02
+4.4194173824159e+02
+4.4194173824159e+02
+5.9720000000000e+24
