+1.3610211360034e-02, -8.3930825368737e-02, +3.4074771629476e-02
+8.7395913415096e-03, -2.0934521068262e-04, -1.1476374095959e-01
+6.8753532499198e-03, -1.5959340664180e-02, -1.0038739776371e-01
-2.5951740840759e-02, +1.1518679030075e-01, +1.2354132741750e-03
-2.0630635453940e-02, +1.0227843695405e-01, +2.4084275816209e-02
-5.4700190411173e-03, +3.8743625477564e-02, +7.4442848894236e-02
-2.6216651187369e-03, +1.8556088554983e-02, -8.1669218137711e-02
+2.5108458457756e-03, +4.2865932421155e-02, +1.0633812412126e-01
+1.0249372465070e-02, -3.8563654341426e-02, -9.4501916427401e-02
+1.8084279383056e-02, -9.8553601510183e-02, +5.1110765434700e-03
+2.2565731061277e-02, -1.0467919709807e-01, -3.3584468065251e-02
+5.0394292930899e-03, -3.5651773696661e-02, +7.6452730234526e-02
-3.6421616607413e-03, +5.7692268142973e-02, -8.3424650448411e-02
-6.6744894239092e-03, +1.1298432657392e-01, -2.9165290590351e-02
+9.0622908262776e-04, -6.4728928912770e-03, -8.3911011355801e-02
+2.0137577197367e-03, +9.7734319612721e-02, -9.3214312651231e-02
-2.2606550290080e-02, +8.8335746691326e-02, -7.6859651761791e-02
-2.9211677841812e-02, +1.2009367801053e-01, +2.1514179098847e-02
-1.2786413652869e-02, +6.1595374218076e-02, +7.7832878617924e-02
+1.1731433275583e-02, -8.3027873566970e-02, -5.6583981696210e-03
+2.5120858296716e-02, -1.1186121610490e-01, +2.3151414770990e-02
+8.5287649465473e-03, -6.0368533426437e-02, -5.7240922922651e-02
-2.0480254521680e-02, +7.3709710638463e-02, -9.1450009510981e-02
+2.3238276634966e-02, -1.0039145993324e-01, -5.3427669132331e-02
+2.4009255046268e-03, +7.8295988734195e-03, -9.7672582282251e-02
+9.1988811942730e-03, -9.9868109934154e-02, +2.2941896585327e-02
-2.8906477467075e-03, +9.1635669139989e-02, +7.6195375890913e-02
-1.5224455148951e-02, +3.9341813977872e-02, -1.1022652797815e-01
-1.9483470556970e-02, +6.7780003216828e-02, +9.5558897701328e-02
+9.9630389230818e-03, -9.4864752098063e-02, -2.1601504306551e-02
+1.4327050473000e-02, -6.8436981618970e-02, -7.4472961503931e-02
-8.5896685666709e-03, +6.0825472014373e-02, -5.6382856712991e-02
-2.4526633975606e-02, +1.1095058143347e-01, -2.0487490720091e-02
-1.1403763702259e-02, +1.5358725592547e-02, +1.1511386348944e-01
-1.0090275700890e-02, +7.1357937763237e-02, +4.3341111633649e-02
-1.9305560301646e-03, -5.0664757682016e-02, -1.0468133569732e-01
+2.1651481263219e-02, -1.0123583897374e-01, +3.9951905181445e-02
+1.1596720342496e-02, -8.2059589138369e-02, +1.4307600776083e-02
+6.3496410307615e-03, -4.4853992158068e-02, -7.0141250858581e-02
-8.3091716807788e-03, +5.8864799373226e-02, +5.8741366812047e-02
-7.2176522300364e-03, -2.0721888542243e-02, +1.1743630825890e-01
-8.5492388753829e-03, +3.4469362922317e-02, -9.2055758160051e-02
+2.4420939456626e-03, -7.5288658386761e-02, +8.4871062148351e-02
+2.1262851445097e-02, -7.5497096717570e-02, -9.1791697308871e-02
-1.6876550931816e-03, -3.2348565823835e-02, +1.0215705793036e-01
-1.7611853627223e-02, +9.7463760945278e-02, +4.9819248652010e-03
-6.8749614098419e-03, -4.0581606244461e-02, +1.1958881107517e-01
-1.4684938936524e-02, +7.0352175939465e-02, -7.2674315506511e-02
+2.3051150402307e-02, -9.7202995728857e-02, +6.0872827892774e-02
-2.1461853206967e-02, +9.8749950040850e-02, +4.6486337817313e-02
+3.0089337497603e-02, -1.2121725383174e-01, -2.5350346964151e-02
-2.1630919751577e-02, +3.7893058394276e-02, -1.2906421368939e-01
-1.9926423844545e-02, +8.0121381056349e-02, +7.9867651442555e-02
-7.6708035869154e-03, +1.1276471357937e-01, +1.3083856944527e-02
-1.6313731146352e-02, +5.5548064588862e-02, -9.8652477331451e-02
+5.6776772775714e-03, -1.1648103961448e-01, +3.3418083993744e-02
+2.3387536928139e-02, -9.1619450561325e-02, -7.4236796256981e-02
+7.3864967429774e-03, -1.1529771392402e-01, +3.2868517843300e-03
+4.4792596031913e-03, -1.0333727943106e-01, -5.9431047156991e-02
+9.0412206477050e-03, +5.6255920787594e-03, +1.1799474125474e-01
-1.1710534293418e-02, +4.7095651003939e-02, +9.1424429374517e-02
+5.9920490685636e-03, +2.5101026293560e-02, +1.1473750099592e-01
-1.8506590762613e-03, +7.5206503650303e-02, +8.7448601080438e-02
-3.0109381332048e-03, +8.5359993078700e-02, -7.8423313931761e-02
+2.8165707788528e-02, -9.9279341495253e-02, +8.0093851858966e-02
-1.1722403577497e-02, +8.2957753171878e-02, -7.3235245280380e-03
+1.4555839822352e-03, +6.2342082797746e-02, +1.0231125977359e-01
-1.3695316515985e-04, -6.0159114144207e-02, +9.7908269899004e-02
-7.0250622032129e-03, +7.8557901685556e-02, +6.1688033301005e-02
+1.4709486146528e-02, -3.3021320687660e-02, +1.1351164404250e-01
+3.8439821489338e-03, -2.7257931835684e-02, -7.9461279694561e-02
+1.2920185656826e-02, -4.5040206671249e-02, +9.7642356140895e-02
+1.7076233426786e-02, -5.6391365014699e-02, -1.0034114436694e-01
+3.5849641627641e-03, -8.9577795109137e-02, -7.3857252144051e-02
+3.7035938733394e-03, -9.1941613457538e-02, +7.2105885717046e-02
+1.9851378828849e-02, -8.1375944425193e-02, +7.7272683261346e-02
-8.2660985299501e-03, +8.0383182442102e-02, -5.2897741726861e-02
+1.4723894839822e-02, -1.5200716500982e-02, +1.2459748287080e-01
+6.8539987828776e-03, -1.1451148357607e-01, -2.3243629602021e-02
+1.5411860878936e-03, -1.9373654201057e-02, +8.7330528604626e-02
-2.4585549238111e-03, -8.8379883379111e-02, +9.9067260001701e-02
+7.5747564393930e-03, -8.7311246252995e-02, +5.3062777879702e-02
-6.9942351410606e-03, -1.2426534921590e-02, -1.1430865368554e-01
+2.0987397671815e-02, -7.1580222868564e-02, +9.6003291892465e-02
-6.4086280381231e-03, -2.8200000890034e-03, +1.0869262507610e-01
-8.5058897909426e-03, +1.0838846634599e-01, -8.9470643844190e-03
+2.4634832879412e-03, +1.2512245984838e-02, +9.9638061841466e-02
+2.7150763902063e-02, -1.1738078122172e-01, +4.0463121111390e-03
-2.9479079770054e-02, +1.0631367651750e-01, -7.1528785858881e-02
-3.1826230210371e-03, -7.0468566919772e-02, -1.0673017709744e-01
+1.3099939499212e-02, -5.8596106787456e-02, +8.3063802690695e-02
-3.9074744843301e-03, +1.0037924523159e-01, -6.5277070987831e-02
+8.4524677504067e-03, -1.5621755452580e-02, +1.0566977021547e-01
-9.7938771791797e-03, +2.0427130086672e-02, -1.0708194901401e-01
+1.5305041304823e-02, -3.5427415673842e-02, -1.1354034183629e-01
-2.4711312865658e-02, +1.0764519861366e-01, -4.0185263393821e-02
-9.7170286219103e-03, +8.8787593114613e-02, +3.3810510947411e-02
-6.7269284620181e-03, +1.0830858554360e-01, +3.7050788422293e-02
-5.2410686388032e-03, +9.9449534008233e-02, +5.7976555097280e-02
+7.7103377932162e-03, -8.0237530636437e-02, -5.6711317391471e-02
-1.8796865766030e-02, +5.3128208291552e-02, +1.0907479183235e-01
+6.7555600590637e-03, -7.1860185273074e-02, +6.5703872745945e-02
-9.0328821558879e-03, +2.8676801963309e-02, +9.8522741106700e-02
-2.2687748472860e-02, +9.4103005723549e-02, +6.5904899882615e-02
-1.0826926938806e-02, +7.6611682139619e-02, -3.3446188422511e-02
-7.6409659868171e-03, +9.7746300991984e-02, -4.3181266638811e-02
+9.7232860656305e-03, -6.8737555855923e-02, +4.6307512831260e-02
-2.1358292747680e-02, +9.4750492508449e-02, -5.7400601489591e-02
-1.6047725607414e-02, +3.4716807544635e-02, +1.1622080978657e-01
-9.9557269336817e-03, +9.4048360717673e-02, -2.3741720184621e-02
+3.0509061219442e-03, -5.6054024387351e-02, -8.6147229887261e-02
-2.7972890363461e-03, +1.9825461863539e-02, +8.1785616071372e-02
+7.3383006795492e-03, -5.1970332683241e-02, +6.5260627790114e-02
+1.4463603586910e-02, -1.7649532836622e-02, -1.2258672924779e-01
+1.6390668271871e-03, -7.5810467462344e-02, -8.8112742427011e-02
-5.7475162093201e-03, +4.0661361395863e-02, -7.3303443031561e-02
+1.0933858002870e-02, -7.7325621280982e-02, -3.0999466618751e-02
-3.9011483253036e-03, +1.1656588180567e-01, -4.8633399576281e-02
-3.4860680601915e-03, -3.1102144293256e-02, -1.0816624605018e-01
-1.1526940396070e-02, +8.1600666446756e-02, +1.5308581915560e-02
+7.2998310486608e-03, +1.9539241444776e-02, -1.1733084628877e-01
+8.2712916743774e-03, -9.3706069327870e-02, -4.2039348733731e-02
+5.2527658319443e-03, -1.0700151981789e-01, +5.0992655179176e-02
+2.2484534554972e-02, -1.0765335991992e-01, -1.2782805118393e-02
+1.4940506863393e-03, +4.7657893171218e-02, -1.0315013817882e-01
-3.5006412598299e-01, -4.9464827588473e-02, -7.9656387999560e-08
+3.5006412598299e-01, +4.9464827588473e-02, +7.9656387999560e-08
-9.0157527576557e+07, -2.9333912316704e+08, +0.0000000000000e+00
