+1.0000000000000e-02
+1.0000000000000e-02
+1.0000000000000e-02
+1.0000000000000e-02
+1.0000000000000e-02
+1.0000000000000e-02
+1.0000000000000e-02
+1.0000000000000e-02
+1.0000000000000e-02
+1.0000000000000e-02
+1.0000000000000e-02
+1.0000000000000e-02
+1.0000000000000e-02
+1.0000000000000e-02
+1.0000000000000e-02
+1.0000000000000e-02
+1.0000000000000e-02
+1.0000000000000e-02
+1.0000000000000e-02
+1.0000000000000e-02
+1.0000000000000e-02
+1.0000000000000e-02
+1.0000000000000e-02
+1.0000000000000e-02
+1.0000000000000e-02
+1.0000000000000e-02
+1.0000000000000e-02
+1.0000000000000e-02
+1.0000000000000e-02
+1.0000000000000e-02
+1.0000000000000e-02
+1.0000000000000e-02
+1.0000000000000e-02
+1.0000000000000e-02
+1.0000000000000e-02
+1.0000000000000e-02
+1.0000000000000e-02
+1.0000000000000e-02
+1.0000000000000e-02
+1.0000000000000e-02
+1.0000000000000e-02
+1.0000000000000e-02
+1.0000000000000e-02
+1.0000000000000e-02
+1.0000000000000e-02
+1.0000000000000e-02
+1.0000000000000e-02
+1.0000000000000e-02
+1.0000000000000e-02
+1.0000000000000e-02
+1.0000000000000e-02
+1.0000000000000e-02
+1.0000000000000e-02
+1.0000000000000e-02
+1.0000000000000e-02
+1.0000000000000e-02
+1.0000000000000e-02
+1.0000000000000e-02
+1.0000000000000e-02
+1.0000000000000e-02
+1.0000000000000e-02
+1.0000000000000e-02
+1.0000000000000e-02
+1.0000000000000e-02
+1.0000000000000e-02
+1.0000000000000e-02
+1.0000000000000e-02
+1.0000000000000e-02
+1.0000000000000e-02
+1.0000000000000e-02
+1.0000000000000e-02
+1.0000000000000e-02
+1.0000000000000e-02
+1.0000000000000e-02
+1.0000000000000e-02
+1.0000000000000e-02
+1.0000000000000e-02
+1.0000000000000e-02
+1.0000000000000e-02
+1.0000000000000e-02
+1.0000000000000e-02
+1.0000000000000e-02
+1.0000000000000e-02
+1.0000000000000e-02
+1.0000000000000e-02
+1.0000000000000e-02
+1.0000000000000e-02
+1.0000000000000e-02
+1.0000000000000e-02
+1.0000000000000e-02
+1.0000000000000e-02
+1.0000000000000e-02
+1.0000000000000e-02
+1.0000000000000e-02
+1.0000000000000e-02
+1.0000000000000e-02
+1.0000000000000e-02
+1.0000000000000e-02
+1.0000000000000e-02
+1.0000000000000e-02
+1.0000000000000e-02
+1.0000000000000e-02
+1.0000000000000e-02
+1.0000000000000e-02
+1.0000000000000e-02
+1.0000000000000e-02
+1.0000000000000e-02
+1.0000000000000e-02
+1.0000000000000e-02
+1.0000000000000e-02
+1.0000000000000e-02
+1.0000000000000e-02
+1.0000000000000e-02
+1.0000000000000e-02
+1.0000000000000e-02
+1.0000000000000e-02
+1.0000000000000e-02
+1.0000000000000e-02
+1.0000000000000e-02
+1.0000000000000e-02
+1.0000000000000e-02
+1.0000000000000e-02
+1.0000000000000e-02
+1.0000000000000e-02
+1.0000000000000e-02
+3.5355339059327e-01
+3.5355339059327e-01
+6.3710000000000e+06
