-2.3939473718586e+02, -1.5937693871295e+03, +0.0000000000000e+00
-2.3939470376536e+02, -1.5937693851852e+03, +0.0000000000000e+00
-2.3939471005255e+02, -1.5937693844410e+03, +0.0000000000000e+00
-2.3939465770076e+02, -1.5937693713369e+03, +0.0000000000000e+00
-2.3939466285360e+02, -1.5937693734610e+03, +0.0000000000000e+00
-2.3939468821585e+02, -1.5937693795129e+03, +0.0000000000000e+00
-2.3939469627445e+02, -1.5937693806500e+03, +0.0000000000000e+00
-2.3939468657028e+02, -1.5937693826988e+03, +0.0000000000000e+00
-2.3939471907589e+02, -1.5937693857879e+03, +0.0000000000000e+00
-2.3939474302307e+02, -1.5937693889155e+03, +0.0000000000000e+00
-2.3939474546833e+02, -1.5937693907044e+03, +0.0000000000000e+00
-2.3939471791350e+02, -1.5937693837082e+03, +0.0000000000000e+00
-2.3939468065181e+02, -1.5937693802426e+03, +0.0000000000000e+00
-2.3939465857995e+02, -1.5937693790321e+03, +0.0000000000000e+00
-2.3939470626568e+02, -1.5937693820583e+03, +0.0000000000000e+00
-2.3939466466755e+02, -1.5937693825004e+03, +0.0000000000000e+00
-2.3939466841934e+02, -1.5937693726723e+03, +0.0000000000000e+00
-2.3939465574199e+02, -1.5937693700356e+03, +0.0000000000000e+00
-2.3939467909374e+02, -1.5937693765923e+03, +0.0000000000000e+00
-2.3939473682541e+02, -1.5937693863795e+03, +0.0000000000000e+00
-2.3939474833530e+02, -1.5937693917244e+03, +0.0000000000000e+00
-2.3939472778010e+02, -1.5937693851011e+03, +0.0000000000000e+00
-2.3939467425786e+02, -1.5937693735211e+03, +0.0000000000000e+00
-2.3939474375672e+02, -1.5937693909729e+03, +0.0000000000000e+00
-2.3939470055632e+02, -1.5937693826549e+03, +0.0000000000000e+00
-2.3939474354781e+02, -1.5937693853686e+03, +0.0000000000000e+00
-2.3939466710205e+02, -1.5937693805426e+03, +0.0000000000000e+00
-2.3939468797706e+02, -1.5937693756191e+03, +0.0000000000000e+00
-2.3939467662492e+02, -1.5937693739190e+03, +0.0000000000000e+00
-2.3939474155053e+02, -1.5937693856736e+03, +0.0000000000000e+00
-2.3939473100092e+02, -1.5937693874157e+03, +0.0000000000000e+00
-2.3939467940107e+02, -1.5937693782676e+03, +0.0000000000000e+00
-2.3939465939180e+02, -1.5937693719058e+03, +0.0000000000000e+00
-2.3939469755079e+02, -1.5937693771443e+03, +0.0000000000000e+00
-2.3939467519665e+02, -1.5937693776686e+03, +0.0000000000000e+00
-2.3939472390649e+02, -1.5937693809258e+03, +0.0000000000000e+00
-2.3939474409379e+02, -1.5937693903395e+03, +0.0000000000000e+00
-2.3939473643888e+02, -1.5937693863258e+03, +0.0000000000000e+00
-2.3939472158691e+02, -1.5937693842312e+03, +0.0000000000000e+00
-2.3939468018375e+02, -1.5937693783796e+03, +0.0000000000000e+00
-2.3939471195369e+02, -1.5937693788153e+03, +0.0000000000000e+00
-2.3939468992208e+02, -1.5937693782838e+03, +0.0000000000000e+00
-2.3939473373602e+02, -1.5937693826714e+03, +0.0000000000000e+00
-2.3939473381922e+02, -1.5937693901843e+03, +0.0000000000000e+00
-2.3939471659491e+02, -1.5937693810228e+03, +0.0000000000000e+00
-2.3939466477556e+02, -1.5937693746661e+03, +0.0000000000000e+00
-2.3939471988143e+02, -1.5937693789521e+03, +0.0000000000000e+00
-2.3939467559814e+02, -1.5937693758345e+03, +0.0000000000000e+00
-2.3939474248393e+02, -1.5937693908982e+03, +0.0000000000000e+00
-2.3939466426213e+02, -1.5937693731292e+03, +0.0000000000000e+00
-2.3939475207010e+02, -1.5937693937078e+03, +0.0000000000000e+00
-2.3939468855539e+02, -1.5937693730617e+03, +0.0000000000000e+00
-2.3939467169840e+02, -1.5937693737421e+03, +0.0000000000000e+00
-2.3939465866762e+02, -1.5937693786344e+03, +0.0000000000000e+00
-2.3939468150774e+02, -1.5937693751843e+03, +0.0000000000000e+00
-2.3939475017947e+02, -1.5937693839630e+03, +0.0000000000000e+00
-2.3939474025505e+02, -1.5937693910325e+03, +0.0000000000000e+00
-2.3939474970710e+02, -1.5937693846451e+03, +0.0000000000000e+00
-2.3939474493265e+02, -1.5937693834846e+03, +0.0000000000000e+00
-2.3939470143613e+02, -1.5937693853056e+03, +0.0000000000000e+00
-2.3939468488183e+02, -1.5937693770218e+03, +0.0000000000000e+00
-2.3939469366179e+02, -1.5937693840884e+03, +0.0000000000000e+00
-2.3939467366036e+02, -1.5937693809577e+03, +0.0000000000000e+00
-2.3939466960722e+02, -1.5937693804946e+03, +0.0000000000000e+00
-2.3939474331278e+02, -1.5937693929399e+03, +0.0000000000000e+00
-2.3939467056616e+02, -1.5937693770171e+03, +0.0000000000000e+00
-2.3939467879566e+02, -1.5937693822775e+03, +0.0000000000000e+00
-2.3939472769651e+02, -1.5937693816418e+03, +0.0000000000000e+00
-2.3939467232252e+02, -1.5937693788922e+03, +0.0000000000000e+00
-2.3939471686346e+02, -1.5937693875683e+03, +0.0000000000000e+00
-2.3939471456279e+02, -1.5937693832310e+03, +0.0000000000000e+00
-2.3939472166124e+02, -1.5937693868541e+03, +0.0000000000000e+00
-2.3939472619247e+02, -1.5937693885131e+03, +0.0000000000000e+00
-2.3939473944005e+02, -1.5937693831276e+03, +0.0000000000000e+00
-2.3939474038366e+02, -1.5937693831749e+03, +0.0000000000000e+00
-2.3939473616598e+02, -1.5937693896209e+03, +0.0000000000000e+00
-2.3939467159389e+02, -1.5937693783968e+03, +0.0000000000000e+00
-2.3939470974971e+02, -1.5937693875741e+03, +0.0000000000000e+00
-2.3939474939325e+02, -1.5937693844325e+03, +0.0000000000000e+00
-2.3939471141549e+02, -1.5937693823117e+03, +0.0000000000000e+00
-2.3939473896186e+02, -1.5937693807151e+03, +0.0000000000000e+00
-2.3939473853528e+02, -1.5937693847202e+03, +0.0000000000000e+00
-2.3939470864230e+02, -1.5937693789045e+03, +0.0000000000000e+00
-2.3939473225566e+02, -1.5937693900744e+03, +0.0000000000000e+00
-2.3939470480750e+02, -1.5937693791383e+03, +0.0000000000000e+00
-2.3939466041456e+02, -1.5937693783011e+03, +0.0000000000000e+00
-2.3939469868707e+02, -1.5937693826799e+03, +0.0000000000000e+00
-2.3939475053863e+02, -1.5937693925347e+03, +0.0000000000000e+00
-2.3939466124279e+02, -1.5937693699288e+03, +0.0000000000000e+00
-2.3939473181190e+02, -1.5937693804260e+03, +0.0000000000000e+00
-2.3939472707257e+02, -1.5937693869258e+03, +0.0000000000000e+00
-2.3939466361173e+02, -1.5937693801367e+03, +0.0000000000000e+00
-2.3939470991779e+02, -1.5937693850706e+03, +0.0000000000000e+00
-2.3939469552755e+02, -1.5937693777869e+03, +0.0000000000000e+00
-2.3939471782394e+02, -1.5937693878061e+03, +0.0000000000000e+00
-2.3939466071126e+02, -1.5937693718321e+03, +0.0000000000000e+00
-2.3939466823897e+02, -1.5937693778176e+03, +0.0000000000000e+00
-2.3939466044645e+02, -1.5937693790112e+03, +0.0000000000000e+00
-2.3939466398286e+02, -1.5937693796043e+03, +0.0000000000000e+00
-2.3939473571154e+02, -1.5937693847744e+03, +0.0000000000000e+00
-2.3939468247372e+02, -1.5937693741930e+03, +0.0000000000000e+00
-2.3939473236742e+02, -1.5937693843932e+03, +0.0000000000000e+00
-2.3939469223439e+02, -1.5937693780907e+03, +0.0000000000000e+00
-2.3939466611712e+02, -1.5937693726399e+03, +0.0000000000000e+00
-2.3939467309943e+02, -1.5937693773745e+03, +0.0000000000000e+00
-2.3939466466277e+02, -1.5937693786463e+03, +0.0000000000000e+00
-2.3939473112091e+02, -1.5937693855779e+03, +0.0000000000000e+00
-2.3939466585866e+02, -1.5937693731706e+03, +0.0000000000000e+00
-2.3939468982330e+02, -1.5937693752905e+03, +0.0000000000000e+00
-2.3939466613894e+02, -1.5937693777223e+03, +0.0000000000000e+00
-2.3939472605781e+02, -1.5937693829144e+03, +0.0000000000000e+00
-2.3939469576773e+02, -1.5937693805799e+03, +0.0000000000000e+00
-2.3939472442765e+02, -1.5937693846259e+03, +0.0000000000000e+00
-2.3939471072725e+02, -1.5937693874702e+03, +0.0000000000000e+00
-2.3939473394432e+02, -1.5937693823508e+03, +0.0000000000000e+00
-2.3939468745032e+02, -1.5937693794022e+03, +0.0000000000000e+00
-2.3939473454915e+02, -1.5937693860612e+03, +0.0000000000000e+00
-2.3939465715024e+02, -1.5937693801392e+03, +0.0000000000000e+00
-2.3939471609735e+02, -1.5937693803049e+03, +0.0000000000000e+00
-2.3939467110789e+02, -1.5937693770951e+03, +0.0000000000000e+00
-2.3939469588199e+02, -1.5937693846105e+03, +0.0000000000000e+00
-2.3939474108800e+02, -1.5937693849983e+03, +0.0000000000000e+00
-2.3939474639537e+02, -1.5937693837933e+03, +0.0000000000000e+00
-2.3939474665558e+02, -1.5937693906720e+03, +0.0000000000000e+00
-2.3939468465739e+02, -1.5937693822929e+03, +0.0000000000000e+00
-2.3939472342749e+02, -1.5937692419556e+03, +0.0000000000000e+00
-2.3939468393609e+02, -1.5937695214374e+03, +0.0000000000000e+00
+0.0000000000000e+00, +0.0000000000000e+00, +0.0000000000000e+00
