[+1.4649491407087e+07, +0.0000000000000e+00]
[+1.4649472311284e+07, +5.0294665503046e-24]
[+1.4649446691122e+07, +2.0117812086182e-23]
[+1.4649414546774e+07, +4.5264906879477e-23]
[+1.4649375878452e+07, +8.0470556463163e-23]
[+1.4649330686412e+07, +1.2573450163448e-22]
[+1.4649278970950e+07, +1.8105641845893e-22]
[+1.4649220732405e+07, +2.4643591827513e-22]
[+1.4649155971159e+07, +3.2187254770055e-22]
[+1.4649084687635e+07, +4.0736578863810e-22]
[+1.4649006882298e+07, +5.0291505828358e-22]
[+1.4648922555655e+07, +6.0851970913399e-22]
[+1.4648831708254e+07, +7.2417902899671e-22]
[+1.4648734340687e+07, +8.4989224099955e-22]
[+1.4648630453586e+07, +9.8565850360162e-22]
[+1.4648520047626e+07, +1.1314769106052e-21]
[+1.4648403123525e+07, +1.2873464911681e-21]
[+1.4648279682039e+07, +1.4532662098175e-21]
[+1.4648149723971e+07, +1.6292349664642e-21]
[+1.4648013250161e+07, +1.8152515964176e-21]
[+1.4647870261495e+07, +2.0113148704019e-21]
[+1.4647720758899e+07, +2.2174234945733e-21]
[+1.4647564743340e+07, +2.4335761105373e-21]
[+1.4647402215828e+07, +2.6597712953676e-21]
[+1.4647233177415e+07, +2.8960075616260e-21]
[+1.4647057629194e+07, +3.1422833573818e-21]
[+1.4646875572301e+07, +3.3985970662339e-21]
[+1.4646687007912e+07, +3.6649470073327e-21]
[+1.4646491937247e+07, +3.9413314354025e-21]
[+1.4646290361565e+07, +4.2277485407662e-21]
[+1.4646082282169e+07, +4.5241964493689e-21]
[+1.4645867700403e+07, +4.8306732228043e-21]
[+1.4645646617653e+07, +5.1471768583406e-21]
[+1.4645419035345e+07, +5.4737052889478e-21]
[+1.4645184954950e+07, +5.8102563833256e-21]
[+1.4644944377977e+07, +6.1568279459327e-21]
[+1.4644697305979e+07, +6.5134177170161e-21]
[+1.4644443740549e+07, +6.8800233726421e-21]
[+1.4644183683324e+07, +7.2566425247274e-21]
[+1.4643917135980e+07, +7.6432727210717e-21]
[+1.4643644100236e+07, +8.0399114453908e-21]
[+1.4643364577851e+07, +8.4465561173504e-21]
[+1.4643078570627e+07, +8.8632040926011e-21]
[+1.4642786080408e+07, +9.2898526628143e-21]
[+1.4642487109077e+07, +9.7264990557181e-21]
[+1.4642181658561e+07, +1.0173140435135e-20]
[+1.4641869730826e+07, +1.0629773901022e-20]
[+1.4641551327882e+07, +1.1096396489504e-20]
[+1.4641226451778e+07, +1.1573005172922e-20]
[+1.4640895104606e+07, +1.2059596859867e-20]
[+1.4640557288497e+07, +1.2556168395223e-20]
[+1.4640213005627e+07, +1.3062716560212e-20]
[+1.4639862258209e+07, +1.3579238072436e-20]
[+1.4639505048500e+07, +1.4105729585920e-20]
[+1.4639141378798e+07, +1.4642187691157e-20]
[+1.4638771251440e+07, +1.5188608915155e-20]
[+1.4638394668807e+07, +1.5744989721483e-20]
[+1.4638011633319e+07, +1.6311326510319e-20]
[+1.4637622147438e+07, +1.6887615618495e-20]
[+1.4637226213666e+07, +1.7473853319551e-20]
[+1.4636823834548e+07, +1.8070035823783e-20]
[+1.4636415012668e+07, +1.8676159278290e-20]
[+1.4635999750651e+07, +1.9292219767033e-20]
[+1.4635578051163e+07, +1.9918213310879e-20]
[+1.4635149916913e+07, +2.0554135867662e-20]
[+1.4634715350648e+07, +2.1199983332230e-20]
[+1.4634274355157e+07, +2.1855751536505e-20]
[+1.4633826933270e+07, +2.2521436249536e-20]
[+1.4633373087856e+07, +2.3197033177556e-20]
[+1.4632912821827e+07, +2.3882537964041e-20]
[+1.4632446138133e+07, +2.4577946189764e-20]
[+1.4631973039768e+07, +2.5283253372857e-20]
[+1.4631493529764e+07, +2.5998454968872e-20]
[+1.4631007611193e+07, +2.6723546370837e-20]
[+1.4630515287170e+07, +2.7458522909320e-20]
[+1.4630016560848e+07, +2.8203379852493e-20]
[+1.4629511435422e+07, +2.8958112406190e-20]
[+1.4628999914126e+07, +2.9722715713976e-20]
[+1.4628482000235e+07, +3.0497184857206e-20]
[+1.4627957697065e+07, +3.1281514855097e-20]
[+1.4627427007970e+07, +3.2075700664788e-20]
[+1.4626889936347e+07, +3.2879737181408e-20]
[+1.4626346485631e+07, +3.3693619238147e-20]
[+1.4625796659298e+07, +3.4517341606323e-20]
[+1.4625240460863e+07, +3.5350898995449e-20]
[+1.4624677893883e+07, +3.6194286053304e-20]
[+1.4624108961952e+07, +3.7047497366007e-20]
[+1.4623533668707e+07, +3.7910527458084e-20]
[+1.4622952017822e+07, +3.8783370792543e-20]
[+1.4622364013013e+07, +3.9666021770947e-20]
[+1.4621769658036e+07, +4.0558474733487e-20]
[+1.4621168956683e+07, +4.1460723959058e-20]
[+1.4620561912790e+07, +4.2372763665334e-20]
[+1.4619948530230e+07, +4.3294588008842e-20]
[+1.4619328812917e+07, +4.4226191085044e-20]
[+1.4618702764803e+07, +4.5167566928409e-20]
[+1.4618070389881e+07, +4.6118709512497e-20]
[+1.4617431692182e+07, +4.7079612750034e-20]
[+1.4616786675778e+07, +4.8050270492995e-20]
[+1.4616135344778e+07, +4.9030676532683e-20]
[+1.4615477703332e+07, +5.0020824599812e-20]
[+1.4614813755628e+07, +5.1020708364587e-20]
[+1.4614143505894e+07, +5.2030321436791e-20]
[+1.4613466958398e+07, +5.3049657365866e-20]
[+1.4612784117444e+07, +5.4078709640996e-20]
[+1.4612094987378e+07, +5.5117471691198e-20]
[+1.4611399572583e+07, +5.6165936885403e-20]
[+1.4610697877481e+07, +5.7224098532545e-20]
[+1.4609989906535e+07, +5.8291949881647e-20]
[+1.4609275664242e+07, +5.9369484121912e-20]
[+1.4608555155144e+07, +6.0456694382810e-20]
[+1.4607828383815e+07, +6.1553573734167e-20]
[+1.4607095354873e+07, +6.2660115186260e-20]
[+1.4606356072971e+07, +6.3776311689901e-20]
[+1.4605610542802e+07, +6.4902156136537e-20]
[+1.4604858769098e+07, +6.6037641358336e-20]
[+1.4604100756626e+07, +6.7182760128284e-20]
[+1.4603336510195e+07, +6.8337505160278e-20]
[+1.4602566034651e+07, +6.9501869109222e-20]
[+1.4601789334877e+07, +7.0675844571122e-20]
[+1.4601006415795e+07, +7.1859424083179e-20]
[+1.4600217282366e+07, +7.3052600123893e-20]
[+1.4599421939585e+07, +7.4255365113154e-20]
[+1.4598620392490e+07, +7.5467711412345e-20]
[+1.4597812646154e+07, +7.6689631324436e-20]
[+1.4596998705687e+07, +7.7921117094091e-20]
[+1.4596178576239e+07, +7.9162160907762e-20]
[+1.4595352262996e+07, +8.0412754893793e-20]
[+1.4594519771182e+07, +8.1672891122522e-20]
[+1.4593681106058e+07, +8.2942561606382e-20]
[+1.4592836272923e+07, +8.4221758300007e-20]
[+1.4591985277112e+07, +8.5510473100334e-20]
[+1.4591128124000e+07, +8.6808697846706e-20]
[+1.4590264818996e+07, +8.8116424320982e-20]
[+1.4589395367549e+07, +8.9433644247638e-20]
[+1.4588519775143e+07, +9.0760349293877e-20]
[+1.4587638047299e+07, +9.2096531069735e-20]
[+1.4586750189577e+07, +9.3442181128189e-20]
[+1.4585856207571e+07, +9.4797290965265e-20]
[+1.4584956106913e+07, +9.6161852020150e-20]
[+1.4584049893273e+07, +9.7535855675299e-20]
[+1.4583137572356e+07, +9.8919293256546e-20]
[+1.4582219149904e+07, +1.0031215603322e-19]
[+1.4581294631695e+07, +1.0171443521824e-19]
[+1.4580364023544e+07, +1.0312612196826e-19]
[+1.4579427331302e+07, +1.0454720738375e-19]
[+1.4578484560857e+07, +1.0597768250913e-19]
[+1.4577535718133e+07, +1.0741753833286e-19]
[+1.4576580809088e+07, +1.0886676578760e-19]
[+1.4575619839719e+07, +1.1032535575027e-19]
[+1.4574652816057e+07, +1.1179329904221e-19]
[+1.4573679744170e+07, +1.1327058642929e-19]
[+1.4572700630162e+07, +1.1475720862200e-19]
[+1.4571715480170e+07, +1.1625315627559e-19]
[+1.4570724300370e+07, +1.1775841999020e-19]
[+1.4569727096973e+07, +1.1927299031096e-19]
[+1.4568723876223e+07, +1.2079685772811e-19]
[+1.4567714644402e+07, +1.2233001267713e-19]
[+1.4566699407826e+07, +1.2387244553886e-19]
[+1.4565678172848e+07, +1.2542414663961e-19]
[+1.4564650945853e+07, +1.2698510625132e-19]
[+1.4563617733264e+07, +1.2855531459162e-19]
[+1.4562578541537e+07, +1.3013476182402e-19]
[+1.4561533377165e+07, +1.3172343805799e-19]
[+1.4560482246674e+07, +1.3332133334909e-19]
[+1.4559425156626e+07, +1.3492843769912e-19]
[+1.4558362113617e+07, +1.3654474105623e-19]
[+1.4557293124277e+07, +1.3817023331503e-19]
[+1.4556218195271e+07, +1.3980490431676e-19]
[+1.4555137333300e+07, +1.4144874384937e-19]
[+1.4554050545097e+07, +1.4310174164769e-19]
[+1.4552957837431e+07, +1.4476388739351e-19]
[+1.4551859217103e+07, +1.4643517071578e-19]
[+1.4550754690951e+07, +1.4811558119067e-19]
[+1.4549644265844e+07, +1.4980510834174e-19]
[+1.4548527948688e+07, +1.5150374164005e-19]
[+1.4547405746420e+07, +1.5321147050433e-19]
[+1.4546277666012e+07, +1.5492828430105e-19]
[+1.4545143714471e+07, +1.5665417234462e-19]
[+1.4544003898834e+07, +1.5838912389747e-19]
[+1.4542858226176e+07, +1.6013312817022e-19]
[+1.4541706703601e+07, +1.6188617432178e-19]
[+1.4540549338250e+07, +1.6364825145954e-19]
[+1.4539386137295e+07, +1.6541934863944e-19]
[+1.4538217107941e+07, +1.6719945486614e-19]
[+1.4537042257428e+07, +1.6898855909316e-19]
[+1.4535861593027e+07, +1.7078665022303e-19]
[+1.4534675122042e+07, +1.7259371710736e-19]
[+1.4533482851812e+07, +1.7440974854707e-19]
[+1.4532284789705e+07, +1.7623473329248e-19]
[+1.4531080943125e+07, +1.7806866004342e-19]
[+1.4529871319507e+07, +1.7991151744944e-19]
[+1.4528655926318e+07, +1.8176329410990e-19]
[+1.4527434771058e+07, +1.8362397857413e-19]
[+1.4526207861259e+07, +1.8549355934156e-19]
[+1.4524975204486e+07, +1.8737202486186e-19]
[+1.4523736808334e+07, +1.8925936353511e-19]
[+1.4522492680431e+07, +1.9115556371191e-19]
[+1.4521242828438e+07, +1.9306061369353e-19]
[+1.4519987260046e+07, +1.9497450173207e-19]
[+1.4518725982979e+07, +1.9689721603059e-19]
[+1.4517459004992e+07, +1.9882874474324e-19]
[+1.4516186333871e+07, +2.0076907597546e-19]
[+1.4514907977434e+07, +2.0271819778405e-19]
[+1.4513623943530e+07, +2.0467609817738e-19]
[+1.4512334240040e+07, +2.0664276511549e-19]
[+1.4511038874874e+07, +2.0861818651028e-19]
[+1.4509737855976e+07, +2.1060235022560e-19]
[+1.4508431191318e+07, +2.1259524407747e-19]
[+1.4507118888905e+07, +2.1459685583416e-19]
[+1.4505800956771e+07, +2.1660717321639e-19]
[+1.4504477402982e+07, +2.1862618389745e-19]
[+1.4503148235634e+07, +2.2065387550336e-19]
[+1.4501813462853e+07, +2.2269023561300e-19]
[+1.4500473092796e+07, +2.2473525175830e-19]
[+1.4499127133649e+07, +2.2678891142435e-19]
[+1.4497775593630e+07, +2.2885120204959e-19]
[+1.4496418480985e+07, +2.3092211102592e-19]
[+1.4495055803992e+07, +2.3300162569888e-19]
[+1.4493687570958e+07, +2.3508973336781e-19]
[+1.4492313790218e+07, +2.3718642128596e-19]
[+1.4490934470138e+07, +2.3929167666069e-19]
[+1.4489549619116e+07, +2.4140548665361e-19]
[+1.4488159245575e+07, +2.4352783838071e-19]
[+1.4486763357969e+07, +2.4565871891254e-19]
[+1.4485361964784e+07, +2.4779811527437e-19]
[+1.4483955074530e+07, +2.4994601444632e-19]
[+1.4482542695750e+07, +2.5210240336352e-19]
[+1.4481124837015e+07, +2.5426726891631e-19]
[+1.4479701506923e+07, +2.5644059795031e-19]
[+1.4478272714104e+07, +2.5862237726668e-19]
[+1.4476838467214e+07, +2.6081259362218e-19]
[+1.4475398774937e+07, +2.6301123372940e-19]
[+1.4473953645989e+07, +2.6521828425688e-19]
[+1.4472503089110e+07, +2.6743373182928e-19]
[+1.4471047113072e+07, +2.6965756302752e-19]
[+1.4469585726671e+07, +2.7188976438898e-19]
[+1.4468118938736e+07, +2.7413032240762e-19]
[+1.4466646758119e+07, +2.7637922353415e-19]
[+1.4465169193702e+07, +2.7863645417621e-19]
[+1.4463686254396e+07, +2.8090200069849e-19]
[+1.4462197949137e+07, +2.8317584942293e-19]
[+1.4460704286891e+07, +2.8545798662886e-19]
[+1.4459205276649e+07, +2.8774839855316e-19]
[+1.4457700927430e+07, +2.9004707139045e-19]
[+1.4456191248281e+07, +2.9235399129319e-19]
[+1.4454676248275e+07, +2.9466914437192e-19]
[+1.4453155936513e+07, +2.9699251669535e-19]
[+1.4451630322123e+07, +2.9932409429059e-19]
[+1.4450099414257e+07, +3.0166386314324e-19]
[+1.4448563222097e+07, +3.0401180919763e-19]
[+1.4447021754851e+07, +3.0636791835691e-19]
[+1.4445475021750e+07, +3.0873217648329e-19]
[+1.4443923032056e+07, +3.1110456939812e-19]
[+1.4442365795054e+07, +3.1348508288213e-19]
[+1.4440803320057e+07, +3.1587370267556e-19]
[+1.4439235616403e+07, +3.1827041447830e-19]
[+1.4437662693455e+07, +3.2067520395012e-19]
[+1.4436084560604e+07, +3.2308805671078e-19]
[+1.4434501227265e+07, +3.2550895834022e-19]
[+1.4432912702878e+07, +3.2793789437870e-19]
[+1.4431318996911e+07, +3.3037485032702e-19]
[+1.4429720118855e+07, +3.3281981164663e-19]
[+1.4428116078228e+07, +3.3527276375983e-19]
[+1.4426506884570e+07, +3.3773369204992e-19]
[+1.4424892547450e+07, +3.4020258186138e-19]
[+1.4423273076460e+07, +3.4267941850003e-19]
[+1.4421648481215e+07, +3.4516418723321e-19]
[+1.4420018771359e+07, +3.4765687328992e-19]
[+1.4418383956556e+07, +3.5015746186102e-19]
[+1.4416744046498e+07, +3.5266593809938e-19]
[+1.4415099050898e+07, +3.5518228712004e-19]
[+1.4413448979498e+07, +3.5770649400042e-19]
[+1.4411793842058e+07, +3.6023854378044e-19]
[+1.4410133648368e+07, +3.6277842146271e-19]
[+1.4408468408238e+07, +3.6532611201272e-19]
[+1.4406798131503e+07, +3.6788160035897e-19]
[+1.4405122828022e+07, +3.7044487139317e-19]
[+1.4403442507677e+07, +3.7301590997040e-19]
[+1.4401757180374e+07, +3.7559470090927e-19]
[+1.4400066856041e+07, +3.7818122899212e-19]
[+1.4398371544633e+07, +3.8077547896515e-19]
[+1.4396671256122e+07, +3.8337743553862e-19]
[+1.4394966000509e+07, +3.8598708338703e-19]
[+1.4393255787815e+07, +3.8860440714926e-19]
[+1.4391540628084e+07, +3.9122939142875e-19]
[+1.4389820531383e+07, +3.9386202079369e-19]
[+1.4388095507801e+07, +3.9650227977718e-19]
[+1.4386365567450e+07, +3.9915015287740e-19]
[+1.4384630720465e+07, +4.0180562455777e-19]
[+1.4382890977002e+07, +4.0446867924716e-19]
[+1.4381146347241e+07, +4.0713930134002e-19]
[+1.4379396841380e+07, +4.0981747519658e-19]
[+1.4377642469644e+07, +4.1250318514302e-19]
[+1.4375883242277e+07, +4.1519641547162e-19]
[+1.4374119169544e+07, +4.1789715044096e-19]
[+1.4372350261734e+07, +4.2060537427608e-19]
[+1.4370576529156e+07, +4.2332107116865e-19]
[+1.4368797982139e+07, +4.2604422527717e-19]
[+1.4367014631036e+07, +4.2877482072710e-19]
[+1.4365226486220e+07, +4.3151284161108e-19]
[+1.4363433558084e+07, +4.3425827198904e-19]
[+1.4361635857043e+07, +4.3701109588846e-19]
[+1.4359833393533e+07, +4.3977129730447e-19]
[+1.4358026178009e+07, +4.4253886020007e-19]
[+1.4356214220949e+07, +4.4531376850626e-19]
[+1.4354397532849e+07, +4.4809600612227e-19]
[+1.4352576124228e+07, +4.5088555691568e-19]
[+1.4350750005622e+07, +4.5368240472265e-19]
[+1.4348919187590e+07, +4.5648653334803e-19]
[+1.4347083680709e+07, +4.5929792656558e-19]
[+1.4345243495577e+07, +4.6211656811815e-19]
[+1.4343398642812e+07, +4.6494244171782e-19]
[+1.4341549133050e+07, +4.6777553104609e-19]
[+1.4339694976947e+07, +4.7061581975408e-19]
[+1.4337836185181e+07, +4.7346329146266e-19]
[+1.4335972768447e+07, +4.7631792976265e-19]
[+1.4334104737458e+07, +4.7917971821501e-19]
[+1.4332232102948e+07, +4.8204864035099e-19]
[+1.4330354875670e+07, +4.8492467967231e-19]
[+1.4328473066396e+07, +4.8780781965133e-19]
[+1.4326586685915e+07, +4.9069804373126e-19]
[+1.4324695745036e+07, +4.9359533532628e-19]
[+1.4322800254587e+07, +4.9649967782177e-19]
[+1.4320900225413e+07, +4.9941105457444e-19]
[+1.4318995668377e+07, +5.0232944891255e-19]
[+1.4317086594363e+07, +5.0525484413603e-19]
[+1.4315173014270e+07, +5.0818722351672e-19]
[+1.4313254939016e+07, +5.1112657029850e-19]
[+1.4311332379537e+07, +5.1407286769746e-19]
[+1.4309405346786e+07, +5.1702609890213e-19]
[+1.4307473851736e+07, +5.1998624707358e-19]
[+1.4305537905374e+07, +5.2295329534567e-19]
[+1.4303597518707e+07, +5.2592722682518e-19]
[+1.4301652702757e+07, +5.2890802459198e-19]
[+1.4299703468566e+07, +5.3189567169925e-19]
[+1.4297749827191e+07, +5.3489015117360e-19]
[+1.4295791789706e+07, +5.3789144601531e-19]
[+1.4293829367202e+07, +5.4089953919843e-19]
[+1.4291862570787e+07, +5.4391441367102e-19]
[+1.4289891411585e+07, +5.4693605235529e-19]
[+1.4287915900738e+07, +5.4996443814781e-19]
[+1.4285936049402e+07, +5.5299955391962e-19]
[+1.4283951868751e+07, +5.5604138251648e-19]
[+1.4281963369975e+07, +5.5908990675902e-19]
[+1.4279970564278e+07, +5.6214510944287e-19]
[+1.4277973462883e+07, +5.6520697333891e-19]
[+1.4275972077027e+07, +5.6827548119341e-19]
[+1.4273966417962e+07, +5.7135061572818e-19]
[+1.4271956496956e+07, +5.7443235964079e-19]
[+1.4269942325294e+07, +5.7752069560472e-19]
[+1.4267923914275e+07, +5.8061560626955e-19]
[+1.4265901275212e+07, +5.8371707426111e-19]
[+1.4263874419436e+07, +5.8682508218168e-19]
[+1.4261843358291e+07, +5.8993961261018e-19]
[+1.4259808103135e+07, +5.9306064810229e-19]
[+1.4257768665343e+07, +5.9618817119066e-19]
[+1.4255725056304e+07, +5.9932216438511e-19]
[+1.4253677287420e+07, +6.0246261017274e-19]
[+1.4251625370110e+07, +6.0560949101818e-19]
[+1.4249569315804e+07, +6.0876278936369e-19]
[+1.4247509135949e+07, +6.1192248762940e-19]
[+1.4245444842005e+07, +6.1508856821345e-19]
[+1.4243376445446e+07, +6.1826101349215e-19]
[+1.4241303957760e+07, +6.2143980582021e-19]
[+1.4239227390448e+07, +6.2462492753084e-19]
[+1.4237146755025e+07, +6.2781636093601e-19]
[+1.4235062063021e+07, +6.3101408832653e-19]
[+1.4232973325977e+07, +6.3421809197230e-19]
[+1.4230880555448e+07, +6.3742835412246e-19]
[+1.4228783763004e+07, +6.4064485700553e-19]
[+1.4226682960224e+07, +6.4386758282965e-19]
[+1.4224578158705e+07, +6.4709651378269e-19]
[+1.4222469370054e+07, +6.5033163203246e-19]
[+1.4220356605889e+07, +6.5357291972688e-19]
[+1.4218239877845e+07, +6.5682035899414e-19]
[+1.4216119197565e+07, +6.6007393194287e-19]
[+1.4213994576708e+07, +6.6333362066235e-19]
[+1.4211866026942e+07, +6.6659940722263e-19]
[+1.4209733559951e+07, +6.6987127367475e-19]
[+1.4207597187428e+07, +6.7314920205087e-19]
[+1.4205456921078e+07, +6.7643317436448e-19]
[+1.4203312772620e+07, +6.7972317261056e-19]
[+1.4201164753782e+07, +6.8301917876573e-19]
[+1.4199012876305e+07, +6.8632117478846e-19]
[+1.4196857151943e+07, +6.8962914261920e-19]
[+1.4194697592458e+07, +6.9294306418061e-19]
[+1.4192534209626e+07, +6.9626292137766e-19]
[+1.4190367015232e+07, +6.9958869609787e-19]
[+1.4188196021075e+07, +7.0292037021141e-19]
[+1.4186021238961e+07, +7.0625792557134e-19]
[+1.4183842680711e+07, +7.0960134401375e-19]
[+1.4181660358153e+07, +7.1295060735791e-19]
[+1.4179474283128e+07, +7.1630569740650e-19]
[+1.4177284467486e+07, +7.1966659594571e-19]
[+1.4175090923089e+07, +7.2303328474545e-19]
[+1.4172893661808e+07, +7.2640574555952e-19]
[+1.4170692695523e+07, +7.2978396012578e-19]
[+1.4168488036128e+07, +7.3316791016629e-19]
[+1.4166279695522e+07, +7.3655757738754e-19]
[+1.4164067685618e+07, +7.3995294348054e-19]
[+1.4161852018336e+07, +7.4335399012106e-19]
[+1.4159632705607e+07, +7.4676069896976e-19]
[+1.4157409759370e+07, +7.5017305167237e-19]
[+1.4155183191576e+07, +7.5359102985987e-19]
[+1.4152953014183e+07, +7.5701461514863e-19]
[+1.4150719239158e+07, +7.6044378914061e-19]
[+1.4148481878478e+07, +7.6387853342349e-19]
[+1.4146240944130e+07, +7.6731882957088e-19]
[+1.4143996448108e+07, +7.7076465914247e-19]
[+1.4141748402415e+07, +7.7421600368419e-19]
[+1.4139496819063e+07, +7.7767284472837e-19]
[+1.4137241710073e+07, +7.8113516379395e-19]
[+1.4134983087474e+07, +7.8460294238658e-19]
[+1.4132720963302e+07, +7.8807616199885e-19]
[+1.4130455349604e+07, +7.9155480411043e-19]
[+1.4128186258432e+07, +7.9503885018822e-19]
[+1.4125913701848e+07, +7.9852828168653e-19]
[+1.4123637691921e+07, +8.0202308004727e-19]
[+1.4121358240729e+07, +8.0552322670008e-19]
[+1.4119075360356e+07, +8.0902870306249e-19]
[+1.4116789062894e+07, +8.1253949054014e-19]
[+1.4114499360443e+07, +8.1605557052687e-19]
[+1.4112206265109e+07, +8.1957692440495e-19]
[+1.4109909789007e+07, +8.2310353354519e-19]
[+1.4107609944259e+07, +8.2663537930716e-19]
[+1.4105306742993e+07, +8.3017244303929e-19]
[+1.4103000197343e+07, +8.3371470607911e-19]
[+1.4100690319452e+07, +8.3726214975333e-19]
[+1.4098377121468e+07, +8.4081475537806e-19]
[+1.4096060615547e+07, +8.4437250425896e-19]
[+1.4093740813851e+07, +8.4793537769138e-19]
[+1.4091417728547e+07, +8.5150335696058e-19]
[+1.4089091371811e+07, +8.5507642334180e-19]
[+1.4086761755822e+07, +8.5865455810052e-19]
[+1.4084428892767e+07, +8.6223774249255e-19]
[+1.4082092794839e+07, +8.6582595776423e-19]
[+1.4079753474237e+07, +8.6941918515256e-19]
[+1.4077410943164e+07, +8.7301740588539e-19]
[+1.4075065213830e+07, +8.7662060118158e-19]
[+1.4072716298451e+07, +8.8022875225112e-19]
[+1.4070364209248e+07, +8.8384184029535e-19]
[+1.4068008958446e+07, +8.8745984650707e-19]
[+1.4065650558277e+07, +8.9108275207071e-19]
[+1.4063289020978e+07, +8.9471053816251e-19]
[+1.4060924358789e+07, +8.9834318595066e-19]
[+1.4058556583958e+07, +9.0198067659546e-19]
[+1.4056185708736e+07, +9.0562299124948e-19]
[+1.4053811745378e+07, +9.0927011105773e-19]
[+1.4051434706146e+07, +9.1292201715778e-19]
[+1.4049054603304e+07, +9.1657869067997e-19]
[+1.4046671449122e+07, +9.2024011274753e-19]
[+1.4044285255874e+07, +9.2390626447674e-19]
[+1.4041896035837e+07, +9.2757712697709e-19]
[+1.4039503801295e+07, +9.3125268135146e-19]
[+1.4037108564532e+07, +9.3493290869623e-19]
[+1.4034710337840e+07, +9.3861779010147e-19]
[+1.4032309133511e+07, +9.4230730665109e-19]
[+1.4029904963844e+07, +9.4600143942297e-19]
[+1.4027497841140e+07, +9.4970016948915e-19]
[+1.4025087777704e+07, +9.5340347791596e-19]
[+1.4022674785842e+07, +9.5711134576418e-19]
[+1.4020258877868e+07, +9.6082375408921e-19]
[+1.4017840066095e+07, +9.6454068394118e-19]
[+1.4015418362841e+07, +9.6826211636515e-19]
[+1.4012993780428e+07, +9.7198803240124e-19]
[+1.4010566331178e+07, +9.7571841308478e-19]
[+1.4008136027418e+07, +9.7945323944647e-19]
[+1.4005702881477e+07, +9.8319249251252e-19]
[+1.4003266905687e+07, +9.8693615330482e-19]
[+1.4000828112383e+07, +9.9068420284107e-19]
[+1.3998386513900e+07, +9.9443662213495e-19]
[+1.3995942122579e+07, +9.9819339219626e-19]
[+1.3993494950760e+07, +1.0019544940311e-18]
[+1.3991045010787e+07, +1.0057199086418e-18]
[+1.3988592315005e+07, +1.0094896170276e-18]
[+1.3986136875762e+07, +1.0132636001843e-18]
[+1.3983678705407e+07, +1.0170418391043e-18]
[+1.3981217816290e+07, +1.0208243147774e-18]
[+1.3978754220765e+07, +1.0246110081905e-18]
[+1.3976287931186e+07, +1.0284019003275e-18]
[+1.3973818959908e+07, +1.0321969721702e-18]
[+1.3971347319289e+07, +1.0359962046976e-18]
[+1.3968873021686e+07, +1.0397995788868e-18]
[+1.3966396079459e+07, +1.0436070757125e-18]
[+1.3963916504969e+07, +1.0474186761476e-18]
[+1.3961434310577e+07, +1.0512343611631e-18]
[+1.3958949508646e+07, +1.0550541117284e-18]
[+1.3956462111538e+07, +1.0588779088115e-18]
[+1.3953972131619e+07, +1.0627057333787e-18]
[+1.3951479581252e+07, +1.0665375663952e-18]
[+1.3948984472802e+07, +1.0703733888253e-18]
[+1.3946486818635e+07, +1.0742131816322e-18]
[+1.3943986631117e+07, +1.0780569257781e-18]
[+1.3941483922614e+07, +1.0819046022249e-18]
[+1.3938978705492e+07, +1.0857561919337e-18]
[+1.3936470992117e+07, +1.0896116758654e-18]
[+1.3933960794856e+07, +1.0934710349804e-18]
[+1.3931448126075e+07, +1.0973342502394e-18]
[+1.3928932998140e+07, +1.1012013026027e-18]
[+1.3926415423417e+07, +1.1050721730311e-18]
[+1.3923895414270e+07, +1.1089468424856e-18]
[+1.3921372983064e+07, +1.1128252919277e-18]
[+1.3918848142164e+07, +1.1167075023195e-18]
[+1.3916320903933e+07, +1.1205934546237e-18]
[+1.3913791280735e+07, +1.1244831298041e-18]
[+1.3911259284930e+07, +1.1283765088252e-18]
[+1.3908724928880e+07, +1.1322735726531e-18]
[+1.3906188224945e+07, +1.1361743022548e-18]
[+1.3903649185484e+07, +1.1400786785988e-18]
[+1.3901107822854e+07, +1.1439866826554e-18]
[+1.3898564149412e+07, +1.1478982953962e-18]
[+1.3896018177513e+07, +1.1518134977950e-18]
[+1.3893469919510e+07, +1.1557322708274e-18]
[+1.3890919387756e+07, +1.1596545954711e-18]
[+1.3888366594601e+07, +1.1635804527060e-18]
[+1.3885811552394e+07, +1.1675098235144e-18]
[+1.3883254273481e+07, +1.1714426888812e-18]
[+1.3880694770207e+07, +1.1753790297939e-18]
[+1.3878133054916e+07, +1.1793188272426e-18]
[+1.3875569139948e+07, +1.1832620622205e-18]
[+1.3873003037642e+07, +1.1872087157237e-18]
[+1.3870434760335e+07, +1.1911587687517e-18]
[+1.3867864320361e+07, +1.1951122023069e-18]
[+1.3865291730052e+07, +1.1990689973955e-18]
[+1.3862717001737e+07, +1.2030291350270e-18]
[+1.3860140147743e+07, +1.2069925962148e-18]
[+1.3857561180394e+07, +1.2109593619759e-18]
[+1.3854980112011e+07, +1.2149294133314e-18]
[+1.3852396954914e+07, +1.2189027313065e-18]
[+1.3849811721417e+07, +1.2228792969304e-18]
[+1.3847224423834e+07, +1.2268590912368e-18]
[+1.3844635074474e+07, +1.2308420952639e-18]
[+1.3842043685643e+07, +1.2348282900543e-18]
[+1.3839450269645e+07, +1.2388176566554e-18]
[+1.3836854838779e+07, +1.2428101761196e-18]
[+1.3834257405343e+07, +1.2468058295039e-18]
[+1.3831657981629e+07, +1.2508045978708e-18]
[+1.3829056579926e+07, +1.2548064622877e-18]
[+1.3826453212521e+07, +1.2588114038275e-18]
[+1.3823847891696e+07, +1.2628194035684e-18]
[+1.3821240629729e+07, +1.2668304425945e-18]
[+1.3818631438894e+07, +1.2708445019952e-18]
[+1.3816020331462e+07, +1.2748615628661e-18]
[+1.3813407319699e+07, +1.2788816063086e-18]
[+1.3810792415868e+07, +1.2829046134300e-18]
[+1.3808175632227e+07, +1.2869305653442e-18]
[+1.3805556981030e+07, +1.2909594431710e-18]
[+1.3802936474526e+07, +1.2949912280369e-18]
[+1.3800314124960e+07, +1.2990259010749e-18]
[+1.3797689944573e+07, +1.3030634434247e-18]
[+1.3795063945601e+07, +1.3071038362327e-18]
[+1.3792436140276e+07, +1.3111470606524e-18]
[+1.3789806540823e+07, +1.3151930978441e-18]
[+1.3787175159465e+07, +1.3192419289755e-18]
[+1.3784542008418e+07, +1.3232935352215e-18]
[+1.3781907099895e+07, +1.3273478977642e-18]
[+1.3779270446103e+07, +1.3314049977934e-18]
[+1.3776632059242e+07, +1.3354648165065e-18]
[+1.3773991951511e+07, +1.3395273351087e-18]
[+1.3771350135099e+07, +1.3435925348129e-18]
[+1.3768706622194e+07, +1.3476603968401e-18]
[+1.3766061424975e+07, +1.3517309024194e-18]
[+1.3763414555618e+07, +1.3558040327879e-18]
[+1.3760766026293e+07, +1.3598797691912e-18]
[+1.3758115849162e+07, +1.3639580928834e-18]
[+1.3755464036385e+07, +1.3680389851270e-18]
[+1.3752810600113e+07, +1.3721224271931e-18]
[+1.3750155552494e+07, +1.3762084003617e-18]
[+1.3747498905668e+07, +1.3802968859216e-18]
[+1.3744840671769e+07, +1.3843878651707e-18]
[+1.3742180862926e+07, +1.3884813194159e-18]
[+1.3739519491261e+07, +1.3925772299733e-18]
[+1.3736856568891e+07, +1.3966755781684e-18]
[+1.3734192107926e+07, +1.4007763453360e-18]
[+1.3731526120468e+07, +1.4048795128207e-18]
[+1.3728858618616e+07, +1.4089850619765e-18]
[+1.3726189614460e+07, +1.4130929741671e-18]
[+1.3723519120083e+07, +1.4172032307665e-18]
[+1.3720847147564e+07, +1.4213158131581e-18]
[+1.3718173708973e+07, +1.4254307027358e-18]
[+1.3715498816373e+07, +1.4295478809035e-18]
[+1.3712822481823e+07, +1.4336673290755e-18]
[+1.3710144717373e+07, +1.4377890286765e-18]
[+1.3707465535065e+07, +1.4419129611414e-18]
[+1.3704784946935e+07, +1.4460391079162e-18]
[+1.3702102965014e+07, +1.4501674504572e-18]
[+1.3699419601322e+07, +1.4542979702318e-18]
[+1.3696734867875e+07, +1.4584306487182e-18]
[+1.3694048776679e+07, +1.4625654674056e-18]
[+1.3691361339736e+07, +1.4667024077944e-18]
[+1.3688672569036e+07, +1.4708414513961e-18]
[+1.3685982476566e+07, +1.4749825797337e-18]
[+1.3683291074302e+07, +1.4791257743415e-18]
[+1.3680598374215e+07, +1.4832710167655e-18]
[+1.3677904388267e+07, +1.4874182885631e-18]
[+1.3675209128411e+07, +1.4915675713036e-18]
[+1.3672512606595e+07, +1.4957188465681e-18]
[+1.3669814834757e+07, +1.4998720959497e-18]
[+1.3667115824828e+07, +1.5040273010533e-18]
[+1.3664415588730e+07, +1.5081844434963e-18]
[+1.3661714138378e+07, +1.5123435049079e-18]
[+1.3659011485677e+07, +1.5165044669300e-18]
[+1.3656307642527e+07, +1.5206673112166e-18]
[+1.3653602620817e+07, +1.5248320194346e-18]
[+1.3650896432429e+07, +1.5289985732632e-18]
[+1.3648189089236e+07, +1.5331669543943e-18]
[+1.3645480603102e+07, +1.5373371445329e-18]
[+1.3642770985884e+07, +1.5415091253967e-18]
[+1.3640060249429e+07, +1.5456828787163e-18]
[+1.3637348405576e+07, +1.5498583862356e-18]
[+1.3634635466155e+07, +1.5540356297116e-18]
[+1.3631921442988e+07, +1.5582145909146e-18]
[+1.3629206347888e+07, +1.5623952516281e-18]
[+1.3626490192658e+07, +1.5665775936492e-18]
[+1.3623772989092e+07, +1.5707615987888e-18]
[+1.3621054748978e+07, +1.5749472488709e-18]
[+1.3618335484091e+07, +1.5791345257337e-18]
[+1.3615615206199e+07, +1.5833234112290e-18]
[+1.3612893927060e+07, +1.5875138872226e-18]
[+1.3610171658425e+07, +1.5917059355943e-18]
[+1.3607448412031e+07, +1.5958995382379e-18]
[+1.3604724199612e+07, +1.6000946770615e-18]
[+1.3601999032886e+07, +1.6042913339875e-18]
[+1.3599272923567e+07, +1.6084894909525e-18]
[+1.3596545883356e+07, +1.6126891299076e-18]
[+1.3593817923945e+07, +1.6168902328186e-18]
[+1.3591089057019e+07, +1.6210927816657e-18]
[+1.3588359294249e+07, +1.6252967584439e-18]
[+1.3585628647300e+07, +1.6295021451630e-18]
[+1.3582897127826e+07, +1.6337089238476e-18]
[+1.3580164747470e+07, +1.6379170765375e-18]
[+1.3577431517866e+07, +1.6421265852873e-18]
[+1.3574697450638e+07, +1.6463374321667e-18]
[+1.3571962557400e+07, +1.6505495992608e-18]
[+1.3569226849757e+07, +1.6547630686700e-18]
[+1.3566490339302e+07, +1.6589778225099e-18]
[+1.3563753037618e+07, +1.6631938429116e-18]
[+1.3561014956280e+07, +1.6674111120220e-18]
[+1.3558276106849e+07, +1.6716296120032e-18]
[+1.3555536500880e+07, +1.6758493250334e-18]
[+1.3552796149915e+07, +1.6800702333064e-18]
[+1.3550055065484e+07, +1.6842923190318e-18]
[+1.3547313259111e+07, +1.6885155644353e-18]
[+1.3544570742306e+07, +1.6927399517585e-18]
[+1.3541827526569e+07, +1.6969654632593e-18]
[+1.3539083623390e+07, +1.7011920812115e-18]
[+1.3536339044248e+07, +1.7054197879053e-18]
[+1.3533593800612e+07, +1.7096485656474e-18]
[+1.3530847903939e+07, +1.7138783967606e-18]
[+1.3528101365675e+07, +1.7181092635844e-18]
[+1.3525354197257e+07, +1.7223411484749e-18]
[+1.3522606410109e+07, +1.7265740338046e-18]
[+1.3519858015646e+07, +1.7308079019630e-18]
[+1.3517109025270e+07, +1.7350427353562e-18]
[+1.3514359450372e+07, +1.7392785164073e-18]
[+1.3511609302334e+07, +1.7435152275563e-18]
[+1.3508858592526e+07, +1.7477528512601e-18]
[+1.3506107332304e+07, +1.7519913699929e-18]
[+1.3503355533017e+07, +1.7562307662458e-18]
[+1.3500603206000e+07, +1.7604710225274e-18]
[+1.3497850362578e+07, +1.7647121213635e-18]
[+1.3495097014062e+07, +1.7689540452971e-18]
[+1.3492343171755e+07, +1.7731967768890e-18]
[+1.3489588846947e+07, +1.7774402987173e-18]
[+1.3486834050916e+07, +1.7816845933777e-18]
[+1.3484078794929e+07, +1.7859296434835e-18]
[+1.3481323090241e+07, +1.7901754316659e-18]
[+1.3478566948096e+07, +1.7944219405738e-18]
[+1.3475810379724e+07, +1.7986691528739e-18]
[+1.3473053396348e+07, +1.8029170512510e-18]
[+1.3470296009174e+07, +1.8071656184078e-18]
[+1.3467538229399e+07, +1.8114148370650e-18]
[+1.3464780068207e+07, +1.8156646899616e-18]
[+1.3462021536772e+07, +1.8199151598546e-18]
[+1.3459262646253e+07, +1.8241662295195e-18]
[+1.3456503407800e+07, +1.8284178817500e-18]
[+1.3453743832547e+07, +1.8326700993581e-18]
[+1.3450983931621e+07, +1.8369228651746e-18]
[+1.3448223716133e+07, +1.8411761620484e-18]
[+1.3445463197184e+07, +1.8454299728473e-18]
[+1.3442702385860e+07, +1.8496842804576e-18]
[+1.3439941293238e+07, +1.8539390677845e-18]
[+1.3437179930380e+07, +1.8581943177517e-18]
[+1.3434418308338e+07, +1.8624500133020e-18]
[+1.3431656438151e+07, +1.8667061373971e-18]
[+1.3428894330843e+07, +1.8709626730173e-18]
[+1.3426131997429e+07, +1.8752196031625e-18]
[+1.3423369448910e+07, +1.8794769108512e-18]
[+1.3420606696274e+07, +1.8837345791213e-18]
[+1.3417843750498e+07, +1.8879925910299e-18]
[+1.3415080622544e+07, +1.8922509296533e-18]
[+1.3412317323363e+07, +1.8965095780872e-18]
[+1.3409553863894e+07, +1.9007685194465e-18]
[+1.3406790255061e+07, +1.9050277368657e-18]
[+1.3404026507776e+07, +1.9092872134990e-18]
[+1.3401262632940e+07, +1.9135469325197e-18]
[+1.3398498641440e+07, +1.9178068771211e-18]
[+1.3395734544148e+07, +1.9220670305159e-18]
[+1.3392970351927e+07, +1.9263273759369e-18]
[+1.3390206075624e+07, +1.9305878966362e-18]
[+1.3387441726074e+07, +1.9348485758862e-18]
[+1.3384677314099e+07, +1.9391093969788e-18]
[+1.3381912850509e+07, +1.9433703432262e-18]
[+1.3379148346098e+07, +1.9476313979604e-18]
[+1.3376383811650e+07, +1.9518925445335e-18]
[+1.3373619257935e+07, +1.9561537663178e-18]
[+1.3370854695708e+07, +1.9604150467055e-18]
[+1.3368090135713e+07, +1.9646763691093e-18]
[+1.3365325588680e+07, +1.9689377169621e-18]
[+1.3362561065324e+07, +1.9731990737171e-18]
[+1.3359796576350e+07, +1.9774604228479e-18]
[+1.3357032132448e+07, +1.9817217478484e-18]
[+1.3354267744293e+07, +1.9859830322331e-18]
[+1.3351503422549e+07, +1.9902442595371e-18]
[+1.3348739177865e+07, +1.9945054133159e-18]
[+1.3345975020878e+07, +1.9987664771456e-18]
[+1.3343210962209e+07, +2.0030274346233e-18]
[+1.3340447012469e+07, +2.0072882693664e-18]
[+1.3337683182252e+07, +2.0115489650133e-18]
[+1.3334919482140e+07, +2.0158095052233e-18]
[+1.3332155922701e+07, +2.0200698736764e-18]
[+1.3329392514490e+07, +2.0243300540736e-18]
[+1.3326629268047e+07, +2.0285900301367e-18]
[+1.3323866193900e+07, +2.0328497856088e-18]
[+1.3321103302562e+07, +2.0371093042539e-18]
[+1.3318340604532e+07, +2.0413685698570e-18]
[+1.3315578110295e+07, +2.0456275662244e-18]
[+1.3312815830324e+07, +2.0498862771836e-18]
[+1.3310053775076e+07, +2.0541446865831e-18]
[+1.3307291954996e+07, +2.0584027782930e-18]
[+1.3304530380513e+07, +2.0626605362044e-18]
[+1.3301769062043e+07, +2.0669179442302e-18]
[+1.3299008009989e+07, +2.0711749863042e-18]
[+1.3296247234738e+07, +2.0754316463821e-18]
[+1.3293486746665e+07, +2.0796879084407e-18]
[+1.3290726556129e+07, +2.0839437564786e-18]
[+1.3287966673476e+07, +2.0881991745160e-18]
[+1.3285207109038e+07, +2.0924541465945e-18]
[+1.3282447873132e+07, +2.0967086567776e-18]
[+1.3279688976062e+07, +2.1009626891503e-18]
[+1.3276930428117e+07, +2.1052162278195e-18]
[+1.3274172239571e+07, +2.1094692569138e-18]
[+1.3271414420685e+07, +2.1137217605835e-18]
[+1.3268656981706e+07, +2.1179737230011e-18]
[+1.3265899932866e+07, +2.1222251283606e-18]
[+1.3263143284382e+07, +2.1264759608783e-18]
[+1.3260387046457e+07, +2.1307262047921e-18]
[+1.3257631229282e+07, +2.1349758443622e-18]
[+1.3254875843029e+07, +2.1392248638708e-18]
[+1.3252120897859e+07, +2.1434732476221e-18]
[+1.3249366403919e+07, +2.1477209799425e-18]
[+1.3246612371339e+07, +2.1519680451805e-18]
[+1.3243858810235e+07, +2.1562144277068e-18]
[+1.3241105730710e+07, +2.1604601119143e-18]
[+1.3238353142852e+07, +2.1647050822183e-18]
[+1.3235601056734e+07, +2.1689493230563e-18]
[+1.3232849482414e+07, +2.1731928188881e-18]
[+1.3230098429936e+07, +2.1774355541959e-18]
[+1.3227347909330e+07, +2.1816775134844e-18]
[+1.3224597930609e+07, +2.1859186812806e-18]
[+1.3221848503774e+07, +2.1901590421340e-18]
[+1.3219099638810e+07, +2.1943985806167e-18]
[+1.3216351345687e+07, +2.1986372813231e-18]
[+1.3213603634362e+07, +2.2028751288704e-18]
[+1.3210856514775e+07, +2.2071121078984e-18]
[+1.3208109996853e+07, +2.2113482030692e-18]
[+1.3205364090506e+07, +2.2155833990681e-18]
[+1.3202618805633e+07, +2.2198176806025e-18]
[+1.3199874152113e+07, +2.2240510324030e-18]
[+1.3197130139816e+07, +2.2282834392227e-18]
[+1.3194386778591e+07, +2.2325148858375e-18]
[+1.3191644078278e+07, +2.2367453570462e-18]
[+1.3188902048697e+07, +2.2409748376704e-18]
[+1.3186160699656e+07, +2.2452033125544e-18]
[+1.3183420040948e+07, +2.2494307665657e-18]
[+1.3180680082351e+07, +2.2536571845944e-18]
[+1.3177940833626e+07, +2.2578825515539e-18]
[+1.3175202304521e+07, +2.2621068523803e-18]
[+1.3172464504769e+07, +2.2663300720327e-18]
[+1.3169727444086e+07, +2.2705521954935e-18]
[+1.3166991132176e+07, +2.2747732077678e-18]
[+1.3164255578726e+07, +2.2789930938841e-18]
[+1.3161520793407e+07, +2.2832118388938e-18]
[+1.3158786785878e+07, +2.2874294278715e-18]
[+1.3156053565780e+07, +2.2916458459150e-18]
[+1.3153321142739e+07, +2.2958610781452e-18]
[+1.3150589526369e+07, +2.3000751097062e-18]
[+1.3147858726264e+07, +2.3042879257655e-18]
[+1.3145128752008e+07, +2.3084995115137e-18]
[+1.3142399613165e+07, +2.3127098521646e-18]
[+1.3139671319288e+07, +2.3169189329556e-18]
[+1.3136943879911e+07, +2.3211267391470e-18]
[+1.3134217304556e+07, +2.3253332560229e-18]
[+1.3131491602727e+07, +2.3295384688905e-18]
[+1.3128766783916e+07, +2.3337423630804e-18]
[+1.3126042857596e+07, +2.3379449239466e-18]
[+1.3123319833227e+07, +2.3421461368667e-18]
[+1.3120597720253e+07, +2.3463459872416e-18]
[+1.3117876528104e+07, +2.3505444604957e-18]
[+1.3115156266193e+07, +2.3547415420769e-18]
[+1.3112436943918e+07, +2.3589372174567e-18]
[+1.3109718570662e+07, +2.3631314721299e-18]
[+1.3107001155792e+07, +2.3673242916152e-18]
[+1.3104284708662e+07, +2.3715156614545e-18]
[+1.3101569238606e+07, +2.3757055672136e-18]
[+1.3098854754948e+07, +2.3798939944817e-18]
[+1.3096141266992e+07, +2.3840809288717e-18]
[+1.3093428784030e+07, +2.3882663560203e-18]
[+1.3090717315337e+07, +2.3924502615875e-18]
[+1.3088006870171e+07, +2.3966326312574e-18]
[+1.3085297457778e+07, +2.4008134507375e-18]
[+1.3082589087386e+07, +2.4049927057590e-18]
[+1.3079881768209e+07, +2.4091703820771e-18]
[+1.3077175509444e+07, +2.4133464654706e-18]
[+1.3074470320274e+07, +2.4175209417419e-18]
[+1.3071766209865e+07, +2.4216937967174e-18]
[+1.3069063187368e+07, +2.4258650162471e-18]
[+1.3066361261920e+07, +2.4300345862051e-18]
[+1.3063660442641e+07, +2.4342024924891e-18]
[+1.3060960738635e+07, +2.4383687210205e-18]
[+1.3058262158992e+07, +2.4425332577449e-18]
[+1.3055564712785e+07, +2.4466960886316e-18]
[+1.3052868409072e+07, +2.4508571996737e-18]
[+1.3050173256896e+07, +2.4550165768882e-18]
[+1.3047479265284e+07, +2.4591742063161e-18]
[+1.3044786443246e+07, +2.4633300740223e-18]
[+1.3042094799779e+07, +2.4674841660956e-18]
[+1.3039404343862e+07, +2.4716364686487e-18]
[+1.3036715084460e+07, +2.4757869678184e-18]
[+1.3034027030523e+07, +2.4799356497652e-18]
[+1.3031340190982e+07, +2.4840825006738e-18]
[+1.3028654574757e+07, +2.4882275067528e-18]
[+1.3025970190748e+07, +2.4923706542348e-18]
[+1.3023287047842e+07, +2.4965119293765e-18]
[+1.3020605154910e+07, +2.5006513184585e-18]
[+1.3017924520806e+07, +2.5047888077853e-18]
[+1.3015245154371e+07, +2.5089243836858e-18]
[+1.3012567064427e+07, +2.5130580325126e-18]
[+1.3009890259783e+07, +2.5171897406426e-18]
[+1.3007214749231e+07, +2.5213194944765e-18]
[+1.3004540541548e+07, +2.5254472804394e-18]
[+1.3001867645494e+07, +2.5295730849802e-18]
[+1.2999196069816e+07, +2.5336968945720e-18]
[+1.2996525823241e+07, +2.5378186957120e-18]
[+1.2993856914485e+07, +2.5419384749215e-18]
[+1.2991189352245e+07, +2.5460562187458e-18]
[+1.2988523145204e+07, +2.5501719137546e-18]
[+1.2985858302029e+07, +2.5542855465414e-18]
[+1.2983194831369e+07, +2.5583971037240e-18]
[+1.2980532741862e+07, +2.5625065719443e-18]
[+1.2977872042126e+07, +2.5666139378683e-18]
[+1.2975212740765e+07, +2.5707191881863e-18]
[+1.2972554846367e+07, +2.5748223096126e-18]
[+1.2969898367504e+07, +2.5789232888857e-18]
[+1.2967243312734e+07, +2.5830221127682e-18]
[+1.2964589690596e+07, +2.5871187680470e-18]
[+1.2961937509616e+07, +2.5912132415331e-18]
[+1.2959286778304e+07, +2.5953055200617e-18]
[+1.2956637505152e+07, +2.5993955904921e-18]
[+1.2953989698639e+07, +2.6034834397079e-18]
[+1.2951343367227e+07, +2.6075690546168e-18]
[+1.2948698519362e+07, +2.6116524221507e-18]
[+1.2946055163475e+07, +2.6157335292658e-18]
[+1.2943413307980e+07, +2.6198123629423e-18]
[+1.2940772961277e+07, +2.6238889101848e-18]
[+1.2938134131749e+07, +2.6279631580220e-18]
[+1.2935496827763e+07, +2.6320350935067e-18]
[+1.2932861057671e+07, +2.6361047037162e-18]
[+1.2930226829809e+07, +2.6401719757517e-18]
[+1.2927594152498e+07, +2.6442368967388e-18]
[+1.2924963034042e+07, +2.6482994538271e-18]
[+1.2922333482729e+07, +2.6523596341908e-18]
[+1.2919705506833e+07, +2.6564174250278e-18]
[+1.2917079114610e+07, +2.6604728135605e-18]
[+1.2914454314303e+07, +2.6645257870357e-18]
[+1.2911831114136e+07, +2.6685763327239e-18]
[+1.2909209522320e+07, +2.6726244379203e-18]
[+1.2906589547048e+07, +2.6766700899441e-18]
[+1.2903971196500e+07, +2.6807132761385e-18]
[+1.2901354478837e+07, +2.6847539838714e-18]
[+1.2898739402207e+07, +2.6887922005344e-18]
[+1.2896125974741e+07, +2.6928279135437e-18]
[+1.2893514204553e+07, +2.6968611103395e-18]
[+1.2890904099744e+07, +2.7008917783862e-18]
[+1.2888295668397e+07, +2.7049199051724e-18]
[+1.2885688918580e+07, +2.7089454782110e-18]
[+1.2883083858346e+07, +2.7129684850390e-18]
[+1.2880480495731e+07, +2.7169889132176e-18]
[+1.2877878838756e+07, +2.7210067503322e-18]
[+1.2875278895426e+07, +2.7250219839925e-18]
[+1.2872680673731e+07, +2.7290346018322e-18]
[+1.2870084181643e+07, +2.7330445915092e-18]
[+1.2867489427121e+07, +2.7370519407057e-18]
[+1.2864896418107e+07, +2.7410566371280e-18]
[+1.2862305162527e+07, +2.7450586685065e-18]
[+1.2859715668291e+07, +2.7490580225959e-18]
[+1.2857127943296e+07, +2.7530546871750e-18]
[+1.2854541995419e+07, +2.7570486500467e-18]
[+1.2851957832525e+07, +2.7610398990380e-18]
[+1.2849375462461e+07, +2.7650284220003e-18]
[+1.2846794893060e+07, +2.7690142068089e-18]
[+1.2844216132137e+07, +2.7729972413632e-18]
[+1.2841639187493e+07, +2.7769775135869e-18]
[+1.2839064066913e+07, +2.7809550114277e-18]
[+1.2836490778167e+07, +2.7849297228576e-18]
[+1.2833919329008e+07, +2.7889016358724e-18]
[+1.2831349727174e+07, +2.7928707384922e-18]
[+1.2828781980387e+07, +2.7968370187611e-18]
[+1.2826216096353e+07, +2.8008004647475e-18]
[+1.2823652082764e+07, +2.8047610645436e-18]
[+1.2821089947294e+07, +2.8087188062659e-18]
[+1.2818529697604e+07, +2.8126736780547e-18]
[+1.2815971341337e+07, +2.8166256680746e-18]
[+1.2813414886121e+07, +2.8205747645141e-18]
[+1.2810860339569e+07, +2.8245209555859e-18]
[+1.2808307709278e+07, +2.8284642295266e-18]
[+1.2805757002829e+07, +2.8324045745968e-18]
[+1.2803208227788e+07, +2.8363419790812e-18]
[+1.2800661391705e+07, +2.8402764312885e-18]
[+1.2798116502114e+07, +2.8442079195514e-18]
[+1.2795573566534e+07, +2.8481364322265e-18]
[+1.2793032592469e+07, +2.8520619576945e-18]
[+1.2790493587406e+07, +2.8559844843599e-18]
[+1.2787956558817e+07, +2.8599040006514e-18]
[+1.2785421514159e+07, +2.8638204950214e-18]
[+1.2782888460872e+07, +2.8677339559465e-18]
[+1.2780357406382e+07, +2.8716443719269e-18]
[+1.2777828358099e+07, +2.8755517314870e-18]
[+1.2775301323416e+07, +2.8794560231751e-18]
[+1.2772776309713e+07, +2.8833572355631e-18]
[+1.2770253324353e+07, +2.8872553572472e-18]
[+1.2767732374683e+07, +2.8911503768471e-18]
[+1.2765213468035e+07, +2.8950422830066e-18]
[+1.2762696611727e+07, +2.8989310643932e-18]
[+1.2760181813058e+07, +2.9028167096985e-18]
[+1.2757669079315e+07, +2.9066992076376e-18]
[+1.2755158417767e+07, +2.9105785469496e-18]
[+1.2752649835670e+07, +2.9144547163973e-18]
[+1.2750143340262e+07, +2.9183277047675e-18]
[+1.2747638938767e+07, +2.9221975008706e-18]
[+1.2745136638393e+07, +2.9260640935407e-18]
[+1.2742636446333e+07, +2.9299274716358e-18]
[+1.2740138369764e+07, +2.9337876240376e-18]
[+1.2737642415847e+07, +2.9376445396516e-18]
[+1.2735148591731e+07, +2.9414982074068e-18]
[+1.2732656904544e+07, +2.9453486162562e-18]
[+1.2730167361404e+07, +2.9491957551762e-18]
[+1.2727679969410e+07, +2.9530396131671e-18]
[+1.2725194735647e+07, +2.9568801792527e-18]
[+1.2722711667184e+07, +2.9607174424804e-18]
[+1.2720230771076e+07, +2.9645513919216e-18]
[+1.2717752054362e+07, +2.9683820166708e-18]
[+1.2715275524064e+07, +2.9722093058465e-18]
[+1.2712801187190e+07, +2.9760332485905e-18]
[+1.2710329050734e+07, +2.9798538340685e-18]
[+1.2707859121673e+07, +2.9836710514695e-18]
[+1.2705391406969e+07, +2.9874848900061e-18]
[+1.2702925913568e+07, +2.9912953389144e-18]
[+1.2700462648402e+07, +2.9951023874541e-18]
[+1.2698001618387e+07, +2.9989060249084e-18]
[+1.2695542830425e+07, +3.0027062405839e-18]
[+1.2693086291400e+07, +3.0065030238107e-18]
[+1.2690632008184e+07, +3.0102963639423e-18]
[+1.2688179987631e+07, +3.0140862503557e-18]
[+1.2685730236581e+07, +3.0178726724513e-18]
[+1.2683282761860e+07, +3.0216556196530e-18]
[+1.2680837570276e+07, +3.0254350814079e-18]
[+1.2678394668624e+07, +3.0292110471865e-18]
[+1.2675954063683e+07, +3.0329835064828e-18]
[+1.2673515762218e+07, +3.0367524488139e-18]
[+1.2671079770976e+07, +3.0405178637205e-18]
[+1.2668646096693e+07, +3.0442797407664e-18]
[+1.2666214746085e+07, +3.0480380695388e-18]
[+1.2663785725857e+07, +3.0517928396479e-18]
[+1.2661359042697e+07, +3.0555440407276e-18]
[+1.2658934703278e+07, +3.0592916624346e-18]
[+1.2656512714258e+07, +3.0630356944490e-18]
[+1.2654093082280e+07, +3.0667761264741e-18]
[+1.2651675813973e+07, +3.0705129482365e-18]
[+1.2649260915948e+07, +3.0742461494856e-18]
[+1.2646848394805e+07, +3.0779757199942e-18]
[+1.2644438257125e+07, +3.0817016495583e-18]
[+1.2642030509477e+07, +3.0854239279968e-18]
[+1.2639625158414e+07, +3.0891425451518e-18]
[+1.2637222210473e+07, +3.0928574908883e-18]
[+1.2634821672176e+07, +3.0965687550946e-18]
[+1.2632423550033e+07, +3.1002763276818e-18]
[+1.2630027850536e+07, +3.1039801985843e-18]
[+1.2627634580162e+07, +3.1076803577591e-18]
[+1.2625243745375e+07, +3.1113767951864e-18]
[+1.2622855352623e+07, +3.1150695008693e-18]
[+1.2620469408339e+07, +3.1187584648340e-18]
[+1.2618085918942e+07, +3.1224436771292e-18]
[+1.2615704890835e+07, +3.1261251278270e-18]
[+1.2613326330406e+07, +3.1298028070220e-18]
[+1.2610950244030e+07, +3.1334767048317e-18]
[+1.2608576638064e+07, +3.1371468113966e-18]
[+1.2606205518854e+07, +3.1408131168799e-18]
[+1.2603836892728e+07, +3.1444756114675e-18]
[+1.2601470766001e+07, +3.1481342853682e-18]
[+1.2599107144973e+07, +3.1517891288136e-18]
[+1.2596746035928e+07, +3.1554401320579e-18]
[+1.2594387445136e+07, +3.1590872853780e-18]
[+1.2592031378854e+07, +3.1627305790736e-18]
[+1.2589677843321e+07, +3.1663700034669e-18]
[+1.2587326844764e+07, +3.1700055489029e-18]
[+1.2584978389394e+07, +3.1736372057493e-18]
[+1.2582632483407e+07, +3.1772649643960e-18]
[+1.2580289132985e+07, +3.1808888152560e-18]
[+1.2577948344295e+07, +3.1845087487644e-18]
[+1.2575610123491e+07, +3.1881247553792e-18]
[+1.2573274476710e+07, +3.1917368255806e-18]
[+1.2570941410075e+07, +3.1953449498716e-18]
[+1.2568610929695e+07, +3.1989491187775e-18]
[+1.2566283041664e+07, +3.2025493228460e-18]
[+1.2563957752062e+07, +3.2061455526474e-18]
[+1.2561635066954e+07, +3.2097377987742e-18]
[+1.2559314992390e+07, +3.2133260518414e-18]
[+1.2556997534406e+07, +3.2169103024864e-18]
[+1.2554682699023e+07, +3.2204905413689e-18]
[+1.2552370492250e+07, +3.2240667591708e-18]
[+1.2550060920076e+07, +3.2276389465965e-18]
[+1.2547753988482e+07, +3.2312070943726e-18]
