[+0.0000000000000e+00, +0.0000000000000e+00]
[-1.3894905265123e+07, -1.3894905265123e+07]
[-1.3894892862816e+07, -1.3894892862816e+07]
[-1.3894877198407e+07, -1.3894877198407e+07]
[-1.3894858271998e+07, -1.3894858271998e+07]
[-1.3894836083717e+07, -1.3894836083717e+07]
[-1.3894810633709e+07, -1.3894810633709e+07]
[-1.3894781922141e+07, -1.3894781922141e+07]
[-1.3894749949202e+07, -1.3894749949202e+07]
[-1.3894714715101e+07, -1.3894714715101e+07]
[-1.3894676220068e+07, -1.3894676220068e+07]
[-1.3894634464355e+07, -1.3894634464355e+07]
[-1.3894589448233e+07, -1.3894589448233e+07]
[-1.3894541171997e+07, -1.3894541171997e+07]
[-1.3894489635960e+07, -1.3894489635960e+07]
[-1.3894434840457e+07, -1.3894434840457e+07]
[-1.3894376785844e+07, -1.3894376785844e+07]
[-1.3894315472499e+07, -1.3894315472499e+07]
[-1.3894250900819e+07, -1.3894250900819e+07]
[-1.3894183071224e+07, -1.3894183071224e+07]
[-1.3894111984152e+07, -1.3894111984152e+07]
[-1.3894037640066e+07, -1.3894037640066e+07]
[-1.3893960039447e+07, -1.3893960039447e+07]
[-1.3893879182797e+07, -1.3893879182797e+07]
[-1.3893795070640e+07, -1.3893795070640e+07]
[-1.3893707703520e+07, -1.3893707703520e+07]
[-1.3893617082003e+07, -1.3893617082003e+07]
[-1.3893523206676e+07, -1.3893523206676e+07]
[-1.3893426078145e+07, -1.3893426078145e+07]
[-1.3893325697038e+07, -1.3893325697038e+07]
[-1.3893222064004e+07, -1.3893222064004e+07]
[-1.3893115179713e+07, -1.3893115179713e+07]
[-1.3893005044856e+07, -1.3893005044856e+07]
[-1.3892891660143e+07, -1.3892891660143e+07]
[-1.3892775026308e+07, -1.3892775026308e+07]
[-1.3892655144103e+07, -1.3892655144103e+07]
[-1.3892532014303e+07, -1.3892532014303e+07]
[-1.3892405637701e+07, -1.3892405637701e+07]
[-1.3892276015114e+07, -1.3892276015114e+07]
[-1.3892143147378e+07, -1.3892143147378e+07]
[-1.3892007035349e+07, -1.3892007035349e+07]
[-1.3891867679906e+07, -1.3891867679906e+07]
[-1.3891725081947e+07, -1.3891725081947e+07]
[-1.3891579242391e+07, -1.3891579242391e+07]
[-1.3891430162179e+07, -1.3891430162179e+07]
[-1.3891277842271e+07, -1.3891277842271e+07]
[-1.3891122283649e+07, -1.3891122283649e+07]
[-1.3890963487314e+07, -1.3890963487314e+07]
[-1.3890801454289e+07, -1.3890801454289e+07]
[-1.3890636185618e+07, -1.3890636185618e+07]
[-1.3890467682365e+07, -1.3890467682365e+07]
[-1.3890295945615e+07, -1.3890295945615e+07]
[-1.3890120976472e+07, -1.3890120976472e+07]
[-1.3889942776063e+07, -1.3889942776063e+07]
[-1.3889761345534e+07, -1.3889761345534e+07]
[-1.3889576686053e+07, -1.3889576686053e+07]
[-1.3889388798806e+07, -1.3889388798806e+07]
[-1.3889197685002e+07, -1.3889197685002e+07]
[-1.3889003345870e+07, -1.3889003345870e+07]
[-1.3888805782658e+07, -1.3888805782658e+07]
[-1.3888604996637e+07, -1.3888604996637e+07]
[-1.3888400989097e+07, -1.3888400989097e+07]
[-1.3888193761347e+07, -1.3888193761347e+07]
[-1.3887983314720e+07, -1.3887983314720e+07]
[-1.3887769650566e+07, -1.3887769650566e+07]
[-1.3887552770258e+07, -1.3887552770258e+07]
[-1.3887332675187e+07, -1.3887332675187e+07]
[-1.3887109366767e+07, -1.3887109366767e+07]
[-1.3886882846430e+07, -1.3886882846430e+07]
[-1.3886653115629e+07, -1.3886653115629e+07]
[-1.3886420175838e+07, -1.3886420175838e+07]
[-1.3886184028551e+07, -1.3886184028551e+07]
[-1.3885944675282e+07, -1.3885944675282e+07]
[-1.3885702117565e+07, -1.3885702117565e+07]
[-1.3885456356955e+07, -1.3885456356955e+07]
[-1.3885207395027e+07, -1.3885207395027e+07]
[-1.3884955233375e+07, -1.3884955233375e+07]
[-1.3884699873616e+07, -1.3884699873616e+07]
[-1.3884441317383e+07, -1.3884441317383e+07]
[-1.3884179566333e+07, -1.3884179566333e+07]
[-1.3883914622142e+07, -1.3883914622142e+07]
[-1.3883646486504e+07, -1.3883646486504e+07]
[-1.3883375161136e+07, -1.3883375161136e+07]
[-1.3883100647773e+07, -1.3883100647773e+07]
[-1.3882822948171e+07, -1.3882822948171e+07]
[-1.3882542064105e+07, -1.3882542064105e+07]
[-1.3882257997372e+07, -1.3882257997372e+07]
[-1.3881970749786e+07, -1.3881970749786e+07]
[-1.3881680323184e+07, -1.3881680323184e+07]
[-1.3881386719421e+07, -1.3881386719421e+07]
[-1.3881089940372e+07, -1.3881089940372e+07]
[-1.3880789987933e+07, -1.3880789987933e+07]
[-1.3880486864018e+07, -1.3880486864018e+07]
[-1.3880180570561e+07, -1.3880180570561e+07]
[-1.3879871109519e+07, -1.3879871109519e+07]
[-1.3879558482864e+07, -1.3879558482864e+07]
[-1.3879242692591e+07, -1.3879242692591e+07]
[-1.3878923740713e+07, -1.3878923740713e+07]
[-1.3878601629265e+07, -1.3878601629265e+07]
[-1.3878276360298e+07, -1.3878276360298e+07]
[-1.3877947935886e+07, -1.3877947935886e+07]
[-1.3877616358120e+07, -1.3877616358120e+07]
[-1.3877281629113e+07, -1.3877281629113e+07]
[-1.3876943750996e+07, -1.3876943750996e+07]
[-1.3876602725919e+07, -1.3876602725919e+07]
[-1.3876258556053e+07, -1.3876258556053e+07]
[-1.3875911243587e+07, -1.3875911243587e+07]
[-1.3875560790731e+07, -1.3875560790731e+07]
[-1.3875207199713e+07, -1.3875207199713e+07]
[-1.3874850472781e+07, -1.3874850472781e+07]
[-1.3874490612203e+07, -1.3874490612203e+07]
[-1.3874127620263e+07, -1.3874127620263e+07]
[-1.3873761499270e+07, -1.3873761499270e+07]
[-1.3873392251547e+07, -1.3873392251547e+07]
[-1.3873019879438e+07, -1.3873019879438e+07]
[-1.3872644385308e+07, -1.3872644385308e+07]
[-1.3872265771539e+07, -1.3872265771539e+07]
[-1.3871884040532e+07, -1.3871884040532e+07]
[-1.3871499194708e+07, -1.3871499194708e+07]
[-1.3871111236507e+07, -1.3871111236507e+07]
[-1.3870720168388e+07, -1.3870720168388e+07]
[-1.3870325992829e+07, -1.3870325992829e+07]
[-1.3869928712326e+07, -1.3869928712326e+07]
[-1.3869528329396e+07, -1.3869528329396e+07]
[-1.3869124846572e+07, -1.3869124846572e+07]
[-1.3868718266409e+07, -1.3868718266409e+07]
[-1.3868308591479e+07, -1.3868308591479e+07]
[-1.3867895824373e+07, -1.3867895824373e+07]
[-1.3867479967700e+07, -1.3867479967700e+07]
[-1.3867061024090e+07, -1.3867061024090e+07]
[-1.3866638996190e+07, -1.3866638996190e+07]
[-1.3866213886666e+07, -1.3866213886666e+07]
[-1.3865785698202e+07, -1.3865785698202e+07]
[-1.3865354433502e+07, -1.3865354433502e+07]
[-1.3864920095287e+07, -1.3864920095287e+07]
[-1.3864482686299e+07, -1.3864482686299e+07]
[-1.3864042209294e+07, -1.3864042209294e+07]
[-1.3863598667052e+07, -1.3863598667052e+07]
[-1.3863152062367e+07, -1.3863152062367e+07]
[-1.3862702398054e+07, -1.3862702398054e+07]
[-1.3862249676944e+07, -1.3862249676944e+07]
[-1.3861793901890e+07, -1.3861793901890e+07]
[-1.3861335075759e+07, -1.3861335075759e+07]
[-1.3860873201439e+07, -1.3860873201439e+07]
[-1.3860408281835e+07, -1.3860408281835e+07]
[-1.3859940319872e+07, -1.3859940319872e+07]
[-1.3859469318490e+07, -1.3859469318490e+07]
[-1.3858995280649e+07, -1.3858995280649e+07]
[-1.3858518209328e+07, -1.3858518209328e+07]
[-1.3858038107523e+07, -1.3858038107523e+07]
[-1.3857554978246e+07, -1.3857554978246e+07]
[-1.3857068824531e+07, -1.3857068824531e+07]
[-1.3856579649426e+07, -1.3856579649426e+07]
[-1.3856087456000e+07, -1.3856087456000e+07]
[-1.3855592247337e+07, -1.3855592247337e+07]
[-1.3855094026540e+07, -1.3855094026540e+07]
[-1.3854592796732e+07, -1.3854592796732e+07]
[-1.3854088561050e+07, -1.3854088561050e+07]
[-1.3853581322650e+07, -1.3853581322650e+07]
[-1.3853071084707e+07, -1.3853071084707e+07]
[-1.3852557850412e+07, -1.3852557850412e+07]
[-1.3852041622974e+07, -1.3852041622974e+07]
[-1.3851522405619e+07, -1.3851522405619e+07]
[-1.3851000201593e+07, -1.3851000201593e+07]
[-1.3850475014155e+07, -1.3850475014155e+07]
[-1.3849946846585e+07, -1.3849946846585e+07]
[-1.3849415702179e+07, -1.3849415702179e+07]
[-1.3848881584250e+07, -1.3848881584250e+07]
[-1.3848344496129e+07, -1.3848344496129e+07]
[-1.3847804441165e+07, -1.3847804441165e+07]
[-1.3847261422721e+07, -1.3847261422721e+07]
[-1.3846715444181e+07, -1.3846715444181e+07]
[-1.3846166508944e+07, -1.3846166508944e+07]
[-1.3845614620426e+07, -1.3845614620426e+07]
[-1.3845059782060e+07, -1.3845059782060e+07]
[-1.3844501997297e+07, -1.3844501997297e+07]
[-1.3843941269604e+07, -1.3843941269604e+07]
[-1.3843377602465e+07, -1.3843377602465e+07]
[-1.3842810999381e+07, -1.3842810999381e+07]
[-1.3842241463870e+07, -1.3842241463870e+07]
[-1.3841668999466e+07, -1.3841668999466e+07]
[-1.3841093609720e+07, -1.3841093609720e+07]
[-1.3840515298202e+07, -1.3840515298202e+07]
[-1.3839934068493e+07, -1.3839934068493e+07]
[-1.3839349924197e+07, -1.3839349924197e+07]
[-1.3838762868930e+07, -1.3838762868930e+07]
[-1.3838172906327e+07, -1.3838172906327e+07]
[-1.3837580040037e+07, -1.3837580040037e+07]
[-1.3836984273729e+07, -1.3836984273729e+07]
[-1.3836385611084e+07, -1.3836385611084e+07]
[-1.3835784055802e+07, -1.3835784055802e+07]
[-1.3835179611600e+07, -1.3835179611600e+07]
[-1.3834572282209e+07, -1.3834572282209e+07]
[-1.3833962071377e+07, -1.3833962071377e+07]
[-1.3833348982869e+07, -1.3833348982869e+07]
[-1.3832733020464e+07, -1.3832733020464e+07]
[-1.3832114187960e+07, -1.3832114187960e+07]
[-1.3831492489167e+07, -1.3831492489167e+07]
[-1.3830867927916e+07, -1.3830867927916e+07]
[-1.3830240508049e+07, -1.3830240508049e+07]
[-1.3829610233427e+07, -1.3829610233427e+07]
[-1.3828977107925e+07, -1.3828977107925e+07]
[-1.3828341135436e+07, -1.3828341135436e+07]
[-1.3827702319865e+07, -1.3827702319865e+07]
[-1.3827060665136e+07, -1.3827060665136e+07]
[-1.3826416175188e+07, -1.3826416175188e+07]
[-1.3825768853973e+07, -1.3825768853973e+07]
[-1.3825118705463e+07, -1.3825118705463e+07]
[-1.3824465733641e+07, -1.3824465733641e+07]
[-1.3823809942508e+07, -1.3823809942508e+07]
[-1.3823151336079e+07, -1.3823151336079e+07]
[-1.3822489918387e+07, -1.3822489918387e+07]
[-1.3821825693476e+07, -1.3821825693476e+07]
[-1.3821158665408e+07, -1.3821158665408e+07]
[-1.3820488838260e+07, -1.3820488838260e+07]
[-1.3819816216125e+07, -1.3819816216125e+07]
[-1.3819140803107e+07, -1.3819140803107e+07]
[-1.3818462603330e+07, -1.3818462603330e+07]
[-1.3817781620930e+07, -1.3817781620930e+07]
[-1.3817097860059e+07, -1.3817097860059e+07]
[-1.3816411324883e+07, -1.3816411324883e+07]
[-1.3815722019584e+07, -1.3815722019584e+07]
[-1.3815029948358e+07, -1.3815029948358e+07]
[-1.3814335115416e+07, -1.3814335115416e+07]
[-1.3813637524983e+07, -1.3813637524983e+07]
[-1.3812937181299e+07, -1.3812937181299e+07]
[-1.3812234088620e+07, -1.3812234088620e+07]
[-1.3811528251214e+07, -1.3811528251214e+07]
[-1.3810819673365e+07, -1.3810819673365e+07]
[-1.3810108359371e+07, -1.3810108359371e+07]
[-1.3809394313544e+07, -1.3809394313544e+07]
[-1.3808677540212e+07, -1.3808677540212e+07]
[-1.3807958043716e+07, -1.3807958043716e+07]
[-1.3807235828410e+07, -1.3807235828410e+07]
[-1.3806510898664e+07, -1.3806510898664e+07]
[-1.3805783258861e+07, -1.3805783258861e+07]
[-1.3805052913399e+07, -1.3805052913399e+07]
[-1.3804319866691e+07, -1.3804319866691e+07]
[-1.3803584123160e+07, -1.3803584123160e+07]
[-1.3802845687246e+07, -1.3802845687246e+07]
[-1.3802104563404e+07, -1.3802104563404e+07]
[-1.3801360756099e+07, -1.3801360756099e+07]
[-1.3800614269812e+07, -1.3800614269812e+07]
[-1.3799865109039e+07, -1.3799865109039e+07]
[-1.3799113278286e+07, -1.3799113278286e+07]
[-1.3798358782076e+07, -1.3798358782076e+07]
[-1.3797601624944e+07, -1.3797601624944e+07]
[-1.3796841811439e+07, -1.3796841811439e+07]
[-1.3796079346122e+07, -1.3796079346122e+07]
[-1.3795314233570e+07, -1.3795314233570e+07]
[-1.3794546478371e+07, -1.3794546478371e+07]
[-1.3793776085126e+07, -1.3793776085126e+07]
[-1.3793003058452e+07, -1.3793003058452e+07]
[-1.3792227402976e+07, -1.3792227402976e+07]
[-1.3791449123341e+07, -1.3791449123341e+07]
[-1.3790668224200e+07, -1.3790668224200e+07]
[-1.3789884710222e+07, -1.3789884710222e+07]
[-1.3789098586087e+07, -1.3789098586087e+07]
[-1.3788309856488e+07, -1.3788309856488e+07]
[-1.3787518526132e+07, -1.3787518526132e+07]
[-1.3786724599737e+07, -1.3786724599737e+07]
[-1.3785928082035e+07, -1.3785928082035e+07]
[-1.3785128977771e+07, -1.3785128977771e+07]
[-1.3784327291702e+07, -1.3784327291702e+07]
[-1.3783523028597e+07, -1.3783523028597e+07]
[-1.3782716193239e+07, -1.3782716193239e+07]
[-1.3781906790422e+07, -1.3781906790422e+07]
[-1.3781094824953e+07, -1.3781094824953e+07]
[-1.3780280301651e+07, -1.3780280301651e+07]
[-1.3779463225348e+07, -1.3779463225348e+07]
[-1.3778643600888e+07, -1.3778643600888e+07]
[-1.3777821433127e+07, -1.3777821433127e+07]
[-1.3776996726933e+07, -1.3776996726933e+07]
[-1.3776169487186e+07, -1.3776169487186e+07]
[-1.3775339718778e+07, -1.3775339718778e+07]
[-1.3774507426615e+07, -1.3774507426615e+07]
[-1.3773672615610e+07, -1.3773672615610e+07]
[-1.3772835290694e+07, -1.3772835290694e+07]
[-1.3771995456805e+07, -1.3771995456805e+07]
[-1.3771153118895e+07, -1.3771153118895e+07]
[-1.3770308281927e+07, -1.3770308281927e+07]
[-1.3769460950876e+07, -1.3769460950876e+07]
[-1.3768611130729e+07, -1.3768611130729e+07]
[-1.3767758826482e+07, -1.3767758826482e+07]
[-1.3766904043147e+07, -1.3766904043147e+07]
[-1.3766046785742e+07, -1.3766046785742e+07]
[-1.3765187059301e+07, -1.3765187059301e+07]
[-1.3764324868867e+07, -1.3764324868867e+07]
[-1.3763460219495e+07, -1.3763460219495e+07]
[-1.3762593116250e+07, -1.3762593116250e+07]
[-1.3761723564209e+07, -1.3761723564209e+07]
[-1.3760851568461e+07, -1.3760851568461e+07]
[-1.3759977134104e+07, -1.3759977134104e+07]
[-1.3759100266249e+07, -1.3759100266249e+07]
[-1.3758220970016e+07, -1.3758220970016e+07]
[-1.3757339250537e+07, -1.3757339250537e+07]
[-1.3756455112955e+07, -1.3756455112955e+07]
[-1.3755568562423e+07, -1.3755568562423e+07]
[-1.3754679604104e+07, -1.3754679604104e+07]
[-1.3753788243175e+07, -1.3753788243175e+07]
[-1.3752894484818e+07, -1.3752894484818e+07]
[-1.3751998334231e+07, -1.3751998334231e+07]
[-1.3751099796620e+07, -1.3751099796620e+07]
[-1.3750198877200e+07, -1.3750198877200e+07]
[-1.3749295581199e+07, -1.3749295581199e+07]
[-1.3748389913854e+07, -1.3748389913854e+07]
[-1.3747481880412e+07, -1.3747481880412e+07]
[-1.3746571486131e+07, -1.3746571486131e+07]
[-1.3745658736278e+07, -1.3745658736278e+07]
[-1.3744743636132e+07, -1.3744743636132e+07]
[-1.3743826190978e+07, -1.3743826190978e+07]
[-1.3742906406117e+07, -1.3742906406117e+07]
[-1.3741984286854e+07, -1.3741984286854e+07]
[-1.3741059838507e+07, -1.3741059838507e+07]
[-1.3740133066403e+07, -1.3740133066403e+07]
[-1.3739203975879e+07, -1.3739203975879e+07]
[-1.3738272572282e+07, -1.3738272572282e+07]
[-1.3737338860968e+07, -1.3737338860968e+07]
[-1.3736402847302e+07, -1.3736402847302e+07]
[-1.3735464536659e+07, -1.3735464536659e+07]
[-1.3734523934424e+07, -1.3734523934424e+07]
[-1.3733581045991e+07, -1.3733581045991e+07]
[-1.3732635876762e+07, -1.3732635876762e+07]
[-1.3731688432152e+07, -1.3731688432152e+07]
[-1.3730738717580e+07, -1.3730738717580e+07]
[-1.3729786738478e+07, -1.3729786738478e+07]
[-1.3728832500287e+07, -1.3728832500287e+07]
[-1.3727876008454e+07, -1.3727876008454e+07]
[-1.3726917268438e+07, -1.3726917268438e+07]
[-1.3725956285706e+07, -1.3725956285706e+07]
[-1.3724993065733e+07, -1.3724993065733e+07]
[-1.3724027614003e+07, -1.3724027614003e+07]
[-1.3723059936011e+07, -1.3723059936011e+07]
[-1.3722090037258e+07, -1.3722090037258e+07]
[-1.3721117923254e+07, -1.3721117923254e+07]
[-1.3720143599519e+07, -1.3720143599519e+07]
[-1.3719167071581e+07, -1.3719167071581e+07]
[-1.3718188344975e+07, -1.3718188344975e+07]
[-1.3717207425246e+07, -1.3717207425246e+07]
[-1.3716224317946e+07, -1.3716224317946e+07]
[-1.3715239028638e+07, -1.3715239028638e+07]
[-1.3714251562890e+07, -1.3714251562890e+07]
[-1.3713261926280e+07, -1.3713261926280e+07]
[-1.3712270124394e+07, -1.3712270124394e+07]
[-1.3711276162825e+07, -1.3711276162825e+07]
[-1.3710280047175e+07, -1.3710280047175e+07]
[-1.3709281783054e+07, -1.3709281783054e+07]
[-1.3708281376079e+07, -1.3708281376079e+07]
[-1.3707278831877e+07, -1.3707278831877e+07]
[-1.3706274156079e+07, -1.3706274156079e+07]
[-1.3705267354327e+07, -1.3705267354327e+07]
[-1.3704258432269e+07, -1.3704258432269e+07]
[-1.3703247395562e+07, -1.3703247395562e+07]
[-1.3702234249869e+07, -1.3702234249869e+07]
[-1.3701219000862e+07, -1.3701219000862e+07]
[-1.3700201654220e+07, -1.3700201654220e+07]
[-1.3699182215627e+07, -1.3699182215627e+07]
[-1.3698160690778e+07, -1.3698160690778e+07]
[-1.3697137085373e+07, -1.3697137085373e+07]
[-1.3696111405120e+07, -1.3696111405120e+07]
[-1.3695083655734e+07, -1.3695083655734e+07]
[-1.3694053842938e+07, -1.3694053842938e+07]
[-1.3693021972459e+07, -1.3693021972459e+07]
[-1.3691988050035e+07, -1.3691988050035e+07]
[-1.3690952081407e+07, -1.3690952081407e+07]
[-1.3689914072327e+07, -1.3689914072327e+07]
[-1.3688874028551e+07, -1.3688874028551e+07]
[-1.3687831955842e+07, -1.3687831955842e+07]
[-1.3686787859970e+07, -1.3686787859970e+07]
[-1.3685741746713e+07, -1.3685741746713e+07]
[-1.3684693621852e+07, -1.3684693621852e+07]
[-1.3683643491180e+07, -1.3683643491180e+07]
[-1.3682591360491e+07, -1.3682591360491e+07]
[-1.3681537235589e+07, -1.3681537235589e+07]
[-1.3680481122282e+07, -1.3680481122282e+07]
[-1.3679423026386e+07, -1.3679423026386e+07]
[-1.3678362953723e+07, -1.3678362953723e+07]
[-1.3677300910121e+07, -1.3677300910121e+07]
[-1.3676236901414e+07, -1.3676236901414e+07]
[-1.3675170933442e+07, -1.3675170933442e+07]
[-1.3674103012050e+07, -1.3674103012050e+07]
[-1.3673033143091e+07, -1.3673033143091e+07]
[-1.3671961332424e+07, -1.3671961332424e+07]
[-1.3670887585911e+07, -1.3670887585911e+07]
[-1.3669811909423e+07, -1.3669811909423e+07]
[-1.3668734308835e+07, -1.3668734308835e+07]
[-1.3667654790027e+07, -1.3667654790027e+07]
[-1.3666573358888e+07, -1.3666573358888e+07]
[-1.3665490021308e+07, -1.3665490021308e+07]
[-1.3664404783187e+07, -1.3664404783187e+07]
[-1.3663317650426e+07, -1.3663317650426e+07]
[-1.3662228628935e+07, -1.3662228628935e+07]
[-1.3661137724628e+07, -1.3661137724628e+07]
[-1.3660044943425e+07, -1.3660044943425e+07]
[-1.3658950291249e+07, -1.3658950291249e+07]
[-1.3657853774030e+07, -1.3657853774030e+07]
[-1.3656755397704e+07, -1.3656755397704e+07]
[-1.3655655168211e+07, -1.3655655168211e+07]
[-1.3654553091495e+07, -1.3654553091495e+07]
[-1.3653449173506e+07, -1.3653449173506e+07]
[-1.3652343420200e+07, -1.3652343420200e+07]
[-1.3651235837536e+07, -1.3651235837536e+07]
[-1.3650126431478e+07, -1.3650126431478e+07]
[-1.3649015207997e+07, -1.3649015207997e+07]
[-1.3647902173065e+07, -1.3647902173065e+07]
[-1.3646787332662e+07, -1.3646787332662e+07]
[-1.3645670692771e+07, -1.3645670692771e+07]
[-1.3644552259380e+07, -1.3644552259380e+07]
[-1.3643432038480e+07, -1.3643432038480e+07]
[-1.3642310036069e+07, -1.3642310036069e+07]
[-1.3641186258147e+07, -1.3641186258147e+07]
[-1.3640060710720e+07, -1.3640060710720e+07]
[-1.3638933399798e+07, -1.3638933399798e+07]
[-1.3637804331393e+07, -1.3637804331393e+07]
[-1.3636673511525e+07, -1.3636673511525e+07]
[-1.3635540946215e+07, -1.3635540946215e+07]
[-1.3634406641490e+07, -1.3634406641490e+07]
[-1.3633270603379e+07, -1.3633270603379e+07]
[-1.3632132837916e+07, -1.3632132837916e+07]
[-1.3630993351139e+07, -1.3630993351139e+07]
[-1.3629852149091e+07, -1.3629852149091e+07]
[-1.3628709237816e+07, -1.3628709237816e+07]
[-1.3627564623364e+07, -1.3627564623364e+07]
[-1.3626418311788e+07, -1.3626418311788e+07]
[-1.3625270309143e+07, -1.3625270309143e+07]
[-1.3624120621491e+07, -1.3624120621491e+07]
[-1.3622969254895e+07, -1.3622969254895e+07]
[-1.3621816215422e+07, -1.3621816215422e+07]
[-1.3620661509142e+07, -1.3620661509142e+07]
[-1.3619505142129e+07, -1.3619505142129e+07]
[-1.3618347120460e+07, -1.3618347120460e+07]
[-1.3617187450216e+07, -1.3617187450216e+07]
[-1.3616026137480e+07, -1.3616026137480e+07]
[-1.3614863188338e+07, -1.3614863188338e+07]
[-1.3613698608881e+07, -1.3613698608881e+07]
[-1.3612532405202e+07, -1.3612532405202e+07]
[-1.3611364583395e+07, -1.3611364583395e+07]
[-1.3610195149560e+07, -1.3610195149560e+07]
[-1.3609024109798e+07, -1.3609024109798e+07]
[-1.3607851470214e+07, -1.3607851470214e+07]
[-1.3606677236915e+07, -1.3606677236915e+07]
[-1.3605501416011e+07, -1.3605501416011e+07]
[-1.3604324013614e+07, -1.3604324013614e+07]
[-1.3603145035840e+07, -1.3603145035840e+07]
[-1.3601964488806e+07, -1.3601964488806e+07]
[-1.3600782378633e+07, -1.3600782378633e+07]
[-1.3599598711443e+07, -1.3599598711443e+07]
[-1.3598413493362e+07, -1.3598413493362e+07]
[-1.3597226730517e+07, -1.3597226730517e+07]
[-1.3596038429037e+07, -1.3596038429037e+07]
[-1.3594848595056e+07, -1.3594848595056e+07]
[-1.3593657234707e+07, -1.3593657234707e+07]
[-1.3592464354128e+07, -1.3592464354128e+07]
[-1.3591269959455e+07, -1.3591269959455e+07]
[-1.3590074056831e+07, -1.3590074056831e+07]
[-1.3588876652397e+07, -1.3588876652397e+07]
[-1.3587677752299e+07, -1.3587677752299e+07]
[-1.3586477362682e+07, -1.3586477362682e+07]
[-1.3585275489696e+07, -1.3585275489696e+07]
[-1.3584072139490e+07, -1.3584072139490e+07]
[-1.3582867318217e+07, -1.3582867318217e+07]
[-1.3581661032029e+07, -1.3581661032029e+07]
[-1.3580453287083e+07, -1.3580453287083e+07]
[-1.3579244089535e+07, -1.3579244089535e+07]
[-1.3578033445544e+07, -1.3578033445544e+07]
[-1.3576821361270e+07, -1.3576821361270e+07]
[-1.3575607842874e+07, -1.3575607842874e+07]
[-1.3574392896519e+07, -1.3574392896519e+07]
[-1.3573176528369e+07, -1.3573176528369e+07]
[-1.3571958744590e+07, -1.3571958744590e+07]
[-1.3570739551349e+07, -1.3570739551349e+07]
[-1.3569518954814e+07, -1.3569518954814e+07]
[-1.3568296961153e+07, -1.3568296961153e+07]
[-1.3567073576537e+07, -1.3567073576537e+07]
[-1.3565848807139e+07, -1.3565848807139e+07]
[-1.3564622659129e+07, -1.3564622659129e+07]
[-1.3563395138681e+07, -1.3563395138681e+07]
[-1.3562166251970e+07, -1.3562166251970e+07]
[-1.3560936005171e+07, -1.3560936005171e+07]
[-1.3559704404460e+07, -1.3559704404460e+07]
[-1.3558471456013e+07, -1.3558471456013e+07]
[-1.3557237166009e+07, -1.3557237166009e+07]
[-1.3556001540625e+07, -1.3556001540625e+07]
[-1.3554764586041e+07, -1.3554764586041e+07]
[-1.3553526308435e+07, -1.3553526308435e+07]
[-1.3552286713988e+07, -1.3552286713988e+07]
[-1.3551045808880e+07, -1.3551045808880e+07]
[-1.3549803599292e+07, -1.3549803599292e+07]
[-1.3548560091406e+07, -1.3548560091406e+07]
[-1.3547315291403e+07, -1.3547315291403e+07]
[-1.3546069205466e+07, -1.3546069205466e+07]
[-1.3544821839776e+07, -1.3544821839776e+07]
[-1.3543573200516e+07, -1.3543573200516e+07]
[-1.3542323293869e+07, -1.3542323293869e+07]
[-1.3541072126018e+07, -1.3541072126018e+07]
[-1.3539819703145e+07, -1.3539819703145e+07]
[-1.3538566031434e+07, -1.3538566031434e+07]
[-1.3537311117067e+07, -1.3537311117067e+07]
[-1.3536054966228e+07, -1.3536054966228e+07]
[-1.3534797585098e+07, -1.3534797585098e+07]
[-1.3533538979862e+07, -1.3533538979862e+07]
[-1.3532279156700e+07, -1.3532279156700e+07]
[-1.3531018121795e+07, -1.3531018121795e+07]
[-1.3529755881330e+07, -1.3529755881330e+07]
[-1.3528492441486e+07, -1.3528492441486e+07]
[-1.3527227808443e+07, -1.3527227808443e+07]
[-1.3525961988384e+07, -1.3525961988384e+07]
[-1.3524694987487e+07, -1.3524694987487e+07]
[-1.3523426811934e+07, -1.3523426811934e+07]
[-1.3522157467903e+07, -1.3522157467903e+07]
[-1.3520886961572e+07, -1.3520886961572e+07]
[-1.3519615299121e+07, -1.3519615299121e+07]
[-1.3518342486726e+07, -1.3518342486726e+07]
[-1.3517068530564e+07, -1.3517068530564e+07]
[-1.3515793436812e+07, -1.3515793436812e+07]
[-1.3514517211643e+07, -1.3514517211643e+07]
[-1.3513239861232e+07, -1.3513239861232e+07]
[-1.3511961391753e+07, -1.3511961391753e+07]
[-1.3510681809377e+07, -1.3510681809377e+07]
[-1.3509401120277e+07, -1.3509401120277e+07]
[-1.3508119330623e+07, -1.3508119330623e+07]
[-1.3506836446584e+07, -1.3506836446584e+07]
[-1.3505552474327e+07, -1.3505552474327e+07]
[-1.3504267420021e+07, -1.3504267420021e+07]
[-1.3502981289831e+07, -1.3502981289831e+07]
[-1.3501694089922e+07, -1.3501694089922e+07]
[-1.3500405826456e+07, -1.3500405826456e+07]
[-1.3499116505596e+07, -1.3499116505596e+07]
[-1.3497826133503e+07, -1.3497826133503e+07]
[-1.3496534716336e+07, -1.3496534716336e+07]
[-1.3495242260252e+07, -1.3495242260252e+07]
[-1.3493948771408e+07, -1.3493948771408e+07]
[-1.3492654255959e+07, -1.3492654255959e+07]
[-1.3491358720057e+07, -1.3491358720057e+07]
[-1.3490062169854e+07, -1.3490062169854e+07]
[-1.3488764611501e+07, -1.3488764611501e+07]
[-1.3487466051146e+07, -1.3487466051146e+07]
[-1.3486166494934e+07, -1.3486166494934e+07]
[-1.3484865949011e+07, -1.3484865949011e+07]
[-1.3483564419520e+07, -1.3483564419520e+07]
[-1.3482261912601e+07, -1.3482261912601e+07]
[-1.3480958434394e+07, -1.3480958434394e+07]
[-1.3479653991036e+07, -1.3479653991036e+07]
[-1.3478348588662e+07, -1.3478348588662e+07]
[-1.3477042233406e+07, -1.3477042233406e+07]
[-1.3475734931398e+07, -1.3475734931398e+07]
[-1.3474426688768e+07, -1.3474426688768e+07]
[-1.3473117511643e+07, -1.3473117511643e+07]
[-1.3471807406148e+07, -1.3471807406148e+07]
[-1.3470496378404e+07, -1.3470496378404e+07]
[-1.3469184434533e+07, -1.3469184434533e+07]
[-1.3467871580652e+07, -1.3467871580652e+07]
[-1.3466557822877e+07, -1.3466557822877e+07]
[-1.3465243167322e+07, -1.3465243167322e+07]
[-1.3463927620097e+07, -1.3463927620097e+07]
[-1.3462611187311e+07, -1.3462611187311e+07]
[-1.3461293875069e+07, -1.3461293875069e+07]
[-1.3459975689477e+07, -1.3459975689477e+07]
[-1.3458656636633e+07, -1.3458656636633e+07]
[-1.3457336722638e+07, -1.3457336722638e+07]
[-1.3456015953585e+07, -1.3456015953585e+07]
[-1.3454694335570e+07, -1.3454694335570e+07]
[-1.3453371874681e+07, -1.3453371874681e+07]
[-1.3452048577007e+07, -1.3452048577007e+07]
[-1.3450724448632e+07, -1.3450724448632e+07]
[-1.3449399495638e+07, -1.3449399495638e+07]
[-1.3448073724105e+07, -1.3448073724105e+07]
[-1.3446747140109e+07, -1.3446747140109e+07]
[-1.3445419749723e+07, -1.3445419749723e+07]
[-1.3444091559018e+07, -1.3444091559018e+07]
[-1.3442762574060e+07, -1.3442762574060e+07]
[-1.3441432800915e+07, -1.3441432800915e+07]
[-1.3440102245644e+07, -1.3440102245644e+07]
[-1.3438770914305e+07, -1.3438770914305e+07]
[-1.3437438812953e+07, -1.3437438812953e+07]
[-1.3436105947640e+07, -1.3436105947640e+07]
[-1.3434772324414e+07, -1.3434772324414e+07]
[-1.3433437949322e+07, -1.3433437949322e+07]
[-1.3432102828405e+07, -1.3432102828405e+07]
[-1.3430766967702e+07, -1.3430766967702e+07]
[-1.3429430373249e+07, -1.3429430373249e+07]
[-1.3428093051077e+07, -1.3428093051077e+07]
[-1.3426755007216e+07, -1.3426755007216e+07]
[-1.3425416247691e+07, -1.3425416247691e+07]
[-1.3424076778523e+07, -1.3424076778523e+07]
[-1.3422736605731e+07, -1.3422736605731e+07]
[-1.3421395735330e+07, -1.3421395735330e+07]
[-1.3420054173330e+07, -1.3420054173330e+07]
[-1.3418711925740e+07, -1.3418711925740e+07]
[-1.3417368998562e+07, -1.3417368998562e+07]
[-1.3416025397798e+07, -1.3416025397798e+07]
[-1.3414681129443e+07, -1.3414681129443e+07]
[-1.3413336199491e+07, -1.3413336199491e+07]
[-1.3411990613930e+07, -1.3411990613930e+07]
[-1.3410644378746e+07, -1.3410644378746e+07]
[-1.3409297499919e+07, -1.3409297499919e+07]
[-1.3407949983427e+07, -1.3407949983427e+07]
[-1.3406601835243e+07, -1.3406601835243e+07]
[-1.3405253061338e+07, -1.3405253061338e+07]
[-1.3403903667676e+07, -1.3403903667676e+07]
[-1.3402553660219e+07, -1.3402553660219e+07]
[-1.3401203044924e+07, -1.3401203044924e+07]
[-1.3399851827746e+07, -1.3399851827746e+07]
[-1.3398500014632e+07, -1.3398500014632e+07]
[-1.3397147611530e+07, -1.3397147611530e+07]
[-1.3395794624378e+07, -1.3395794624378e+07]
[-1.3394441059115e+07, -1.3394441059115e+07]
[-1.3393086921673e+07, -1.3393086921673e+07]
[-1.3391732217979e+07, -1.3391732217979e+07]
[-1.3390376953959e+07, -1.3390376953959e+07]
[-1.3389021135532e+07, -1.3389021135532e+07]
[-1.3387664768614e+07, -1.3387664768614e+07]
[-1.3386307859114e+07, -1.3386307859114e+07]
[-1.3384950412940e+07, -1.3384950412940e+07]
[-1.3383592435995e+07, -1.3383592435995e+07]
[-1.3382233934175e+07, -1.3382233934175e+07]
[-1.3380874913374e+07, -1.3380874913374e+07]
[-1.3379515379480e+07, -1.3379515379480e+07]
[-1.3378155338378e+07, -1.3378155338378e+07]
[-1.3376794795947e+07, -1.3376794795947e+07]
[-1.3375433758062e+07, -1.3375433758062e+07]
[-1.3374072230594e+07, -1.3374072230594e+07]
[-1.3372710219407e+07, -1.3372710219407e+07]
[-1.3371347730363e+07, -1.3371347730363e+07]
[-1.3369984769318e+07, -1.3369984769318e+07]
[-1.3368621342123e+07, -1.3368621342123e+07]
[-1.3367257454626e+07, -1.3367257454626e+07]
[-1.3365893112666e+07, -1.3365893112666e+07]
[-1.3364528322083e+07, -1.3364528322083e+07]
[-1.3363163088707e+07, -1.3363163088707e+07]
[-1.3361797418367e+07, -1.3361797418367e+07]
[-1.3360431316883e+07, -1.3360431316883e+07]
[-1.3359064790074e+07, -1.3359064790074e+07]
[-1.3357697843752e+07, -1.3357697843752e+07]
[-1.3356330483725e+07, -1.3356330483725e+07]
[-1.3354962715794e+07, -1.3354962715794e+07]
[-1.3353594545756e+07, -1.3353594545756e+07]
[-1.3352225979405e+07, -1.3352225979405e+07]
[-1.3350857022527e+07, -1.3350857022527e+07]
[-1.3349487680904e+07, -1.3349487680904e+07]
[-1.3348117960312e+07, -1.3348117960312e+07]
[-1.3346747866524e+07, -1.3346747866524e+07]
[-1.3345377405306e+07, -1.3345377405306e+07]
[-1.3344006582419e+07, -1.3344006582419e+07]
[-1.3342635403618e+07, -1.3342635403618e+07]
[-1.3341263874654e+07, -1.3341263874654e+07]
[-1.3339892001273e+07, -1.3339892001273e+07]
[-1.3338519789215e+07, -1.3338519789215e+07]
[-1.3337147244213e+07, -1.3337147244213e+07]
[-1.3335774371998e+07, -1.3335774371998e+07]
[-1.3334401178292e+07, -1.3334401178292e+07]
[-1.3333027668815e+07, -1.3333027668815e+07]
[-1.3331653849279e+07, -1.3331653849279e+07]
[-1.3330279725391e+07, -1.3330279725391e+07]
[-1.3328905302853e+07, -1.3328905302853e+07]
[-1.3327530587362e+07, -1.3327530587362e+07]
[-1.3326155584608e+07, -1.3326155584608e+07]
[-1.3324780300276e+07, -1.3324780300276e+07]
[-1.3323404740047e+07, -1.3323404740047e+07]
[-1.3322028909593e+07, -1.3322028909593e+07]
[-1.3320652814583e+07, -1.3320652814583e+07]
[-1.3319276460680e+07, -1.3319276460680e+07]
[-1.3317899853541e+07, -1.3317899853541e+07]
[-1.3316522998816e+07, -1.3316522998816e+07]
[-1.3315145902152e+07, -1.3315145902152e+07]
[-1.3313768569187e+07, -1.3313768569187e+07]
[-1.3312391005556e+07, -1.3312391005556e+07]
[-1.3311013216887e+07, -1.3311013216887e+07]
[-1.3309635208801e+07, -1.3309635208801e+07]
[-1.3308256986916e+07, -1.3308256986916e+07]
[-1.3306878556841e+07, -1.3306878556841e+07]
[-1.3305499924182e+07, -1.3305499924182e+07]
[-1.3304121094537e+07, -1.3304121094537e+07]
[-1.3302742073498e+07, -1.3302742073498e+07]
[-1.3301362866653e+07, -1.3301362866653e+07]
[-1.3299983479581e+07, -1.3299983479581e+07]
[-1.3298603917859e+07, -1.3298603917859e+07]
[-1.3297224187054e+07, -1.3297224187054e+07]
[-1.3295844292729e+07, -1.3295844292729e+07]
[-1.3294464240441e+07, -1.3294464240441e+07]
[-1.3293084035740e+07, -1.3293084035740e+07]
[-1.3291703684171e+07, -1.3291703684171e+07]
[-1.3290323191272e+07, -1.3290323191272e+07]
[-1.3288942562574e+07, -1.3288942562574e+07]
[-1.3287561803605e+07, -1.3287561803605e+07]
[-1.3286180919883e+07, -1.3286180919883e+07]
[-1.3284799916922e+07, -1.3284799916922e+07]
[-1.3283418800230e+07, -1.3283418800230e+07]
[-1.3282037575307e+07, -1.3282037575307e+07]
[-1.3280656247649e+07, -1.3280656247649e+07]
[-1.3279274822743e+07, -1.3279274822743e+07]
[-1.3277893306072e+07, -1.3277893306072e+07]
[-1.3276511703111e+07, -1.3276511703111e+07]
[-1.3275130019331e+07, -1.3275130019331e+07]
[-1.3273748260194e+07, -1.3273748260194e+07]
[-1.3272366431157e+07, -1.3272366431157e+07]
[-1.3270984537671e+07, -1.3270984537671e+07]
[-1.3269602585178e+07, -1.3269602585178e+07]
[-1.3268220579118e+07, -1.3268220579118e+07]
[-1.3266838524920e+07, -1.3266838524920e+07]
[-1.3265456428010e+07, -1.3265456428010e+07]
[-1.3264074293805e+07, -1.3264074293805e+07]
[-1.3262692127717e+07, -1.3262692127717e+07]
[-1.3261309935150e+07, -1.3261309935150e+07]
[-1.3259927721504e+07, -1.3259927721504e+07]
[-1.3258545492171e+07, -1.3258545492171e+07]
[-1.3257163252535e+07, -1.3257163252535e+07]
[-1.3255781007975e+07, -1.3255781007975e+07]
[-1.3254398763864e+07, -1.3254398763864e+07]
[-1.3253016525567e+07, -1.3253016525567e+07]
[-1.3251634298442e+07, -1.3251634298442e+07]
[-1.3250252087843e+07, -1.3250252087843e+07]
[-1.3248869899114e+07, -1.3248869899114e+07]
[-1.3247487737594e+07, -1.3247487737594e+07]
[-1.3246105608615e+07, -1.3246105608615e+07]
[-1.3244723517503e+07, -1.3244723517503e+07]
[-1.3243341469576e+07, -1.3243341469576e+07]
[-1.3241959470146e+07, -1.3241959470146e+07]
[-1.3240577524518e+07, -1.3240577524518e+07]
[-1.3239195637991e+07, -1.3239195637991e+07]
[-1.3237813815855e+07, -1.3237813815855e+07]
[-1.3236432063396e+07, -1.3236432063396e+07]
[-1.3235050385891e+07, -1.3235050385891e+07]
[-1.3233668788612e+07, -1.3233668788612e+07]
[-1.3232287276822e+07, -1.3232287276822e+07]
[-1.3230905855778e+07, -1.3230905855778e+07]
[-1.3229524530732e+07, -1.3229524530732e+07]
[-1.3228143306925e+07, -1.3228143306925e+07]
[-1.3226762189596e+07, -1.3226762189596e+07]
[-1.3225381183972e+07, -1.3225381183972e+07]
[-1.3224000295278e+07, -1.3224000295278e+07]
[-1.3222619528728e+07, -1.3222619528728e+07]
[-1.3221238889531e+07, -1.3221238889531e+07]
[-1.3219858382888e+07, -1.3219858382888e+07]
[-1.3218478013995e+07, -1.3218478013995e+07]
[-1.3217097788039e+07, -1.3217097788039e+07]
[-1.3215717710200e+07, -1.3215717710200e+07]
[-1.3214337785652e+07, -1.3214337785652e+07]
[-1.3212958019562e+07, -1.3212958019562e+07]
[-1.3211578417088e+07, -1.3211578417088e+07]
[-1.3210198983384e+07, -1.3210198983384e+07]
[-1.3208819723594e+07, -1.3208819723594e+07]
[-1.3207440642856e+07, -1.3207440642856e+07]
[-1.3206061746301e+07, -1.3206061746301e+07]
[-1.3204683039053e+07, -1.3204683039053e+07]
[-1.3203304526229e+07, -1.3203304526229e+07]
[-1.3201926212938e+07, -1.3201926212938e+07]
[-1.3200548104282e+07, -1.3200548104282e+07]
[-1.3199170205357e+07, -1.3199170205357e+07]
[-1.3197792521251e+07, -1.3197792521251e+07]
[-1.3196415057043e+07, -1.3196415057043e+07]
[-1.3195037817809e+07, -1.3195037817809e+07]
[-1.3193660808613e+07, -1.3193660808613e+07]
[-1.3192284034515e+07, -1.3192284034515e+07]
[-1.3190907500566e+07, -1.3190907500566e+07]
[-1.3189531211812e+07, -1.3189531211812e+07]
[-1.3188155173289e+07, -1.3188155173289e+07]
[-1.3186779390027e+07, -1.3186779390027e+07]
[-1.3185403867048e+07, -1.3185403867048e+07]
[-1.3184028609369e+07, -1.3184028609369e+07]
[-1.3182653621996e+07, -1.3182653621996e+07]
[-1.3181278909931e+07, -1.3181278909931e+07]
[-1.3179904478167e+07, -1.3179904478167e+07]
[-1.3178530331690e+07, -1.3178530331690e+07]
[-1.3177156475477e+07, -1.3177156475477e+07]
[-1.3175782914502e+07, -1.3175782914502e+07]
[-1.3174409653726e+07, -1.3174409653726e+07]
[-1.3173036698107e+07, -1.3173036698107e+07]
[-1.3171664052594e+07, -1.3171664052594e+07]
[-1.3170291722127e+07, -1.3170291722127e+07]
[-1.3168919711643e+07, -1.3168919711643e+07]
[-1.3167548026066e+07, -1.3167548026066e+07]
[-1.3166176670316e+07, -1.3166176670316e+07]
[-1.3164805649306e+07, -1.3164805649306e+07]
[-1.3163434967939e+07, -1.3163434967939e+07]
[-1.3162064631112e+07, -1.3162064631112e+07]
[-1.3160694643715e+07, -1.3160694643715e+07]
[-1.3159325010630e+07, -1.3159325010630e+07]
[-1.3157955736731e+07, -1.3157955736731e+07]
[-1.3156586826885e+07, -1.3156586826885e+07]
[-1.3155218285951e+07, -1.3155218285951e+07]
[-1.3153850118781e+07, -1.3153850118781e+07]
[-1.3152482330221e+07, -1.3152482330221e+07]
[-1.3151114925105e+07, -1.3151114925105e+07]
[-1.3149747908265e+07, -1.3149747908265e+07]
[-1.3148381284520e+07, -1.3148381284520e+07]
[-1.3147015058687e+07, -1.3147015058687e+07]
[-1.3145649235570e+07, -1.3145649235570e+07]
[-1.3144283819970e+07, -1.3144283819970e+07]
[-1.3142918816677e+07, -1.3142918816677e+07]
[-1.3141554230475e+07, -1.3141554230475e+07]
[-1.3140190066141e+07, -1.3140190066141e+07]
[-1.3138826328443e+07, -1.3138826328443e+07]
[-1.3137463022143e+07, -1.3137463022143e+07]
[-1.3136100151993e+07, -1.3136100151993e+07]
[-1.3134737722739e+07, -1.3134737722739e+07]
[-1.3133375739120e+07, -1.3133375739120e+07]
[-1.3132014205865e+07, -1.3132014205865e+07]
[-1.3130653127699e+07, -1.3130653127699e+07]
[-1.3129292509335e+07, -1.3129292509335e+07]
[-1.3127932355482e+07, -1.3127932355482e+07]
[-1.3126572670839e+07, -1.3126572670839e+07]
[-1.3125213460098e+07, -1.3125213460098e+07]
[-1.3123854727944e+07, -1.3123854727944e+07]
[-1.3122496479055e+07, -1.3122496479055e+07]
[-1.3121138718097e+07, -1.3121138718097e+07]
[-1.3119781449734e+07, -1.3119781449734e+07]
[-1.3118424678619e+07, -1.3118424678619e+07]
[-1.3117068409398e+07, -1.3117068409398e+07]
[-1.3115712646710e+07, -1.3115712646710e+07]
[-1.3114357395184e+07, -1.3114357395184e+07]
[-1.3113002659443e+07, -1.3113002659443e+07]
[-1.3111648444104e+07, -1.3111648444104e+07]
[-1.3110294753772e+07, -1.3110294753772e+07]
[-1.3108941593048e+07, -1.3108941593048e+07]
[-1.3107588966524e+07, -1.3107588966524e+07]
[-1.3106236878784e+07, -1.3106236878784e+07]
[-1.3104885334404e+07, -1.3104885334404e+07]
[-1.3103534337953e+07, -1.3103534337953e+07]
[-1.3102183893991e+07, -1.3102183893991e+07]
[-1.3100834007073e+07, -1.3100834007073e+07]
[-1.3099484681742e+07, -1.3099484681742e+07]
[-1.3098135922537e+07, -1.3098135922537e+07]
[-1.3096787733987e+07, -1.3096787733987e+07]
[-1.3095440120615e+07, -1.3095440120615e+07]
[-1.3094093086934e+07, -1.3094093086934e+07]
[-1.3092746637451e+07, -1.3092746637451e+07]
[-1.3091400776665e+07, -1.3091400776665e+07]
[-1.3090055509066e+07, -1.3090055509066e+07]
[-1.3088710839137e+07, -1.3088710839137e+07]
[-1.3087366771354e+07, -1.3087366771354e+07]
[-1.3086023310184e+07, -1.3086023310184e+07]
[-1.3084680460086e+07, -1.3084680460086e+07]
[-1.3083338225513e+07, -1.3083338225513e+07]
[-1.3081996610907e+07, -1.3081996610907e+07]
[-1.3080655620706e+07, -1.3080655620706e+07]
[-1.3079315259337e+07, -1.3079315259337e+07]
[-1.3077975531220e+07, -1.3077975531220e+07]
[-1.3076636440770e+07, -1.3076636440770e+07]
[-1.3075297992389e+07, -1.3075297992389e+07]
[-1.3073960190476e+07, -1.3073960190476e+07]
[-1.3072623039419e+07, -1.3072623039419e+07]
[-1.3071286543599e+07, -1.3071286543599e+07]
[-1.3069950707390e+07, -1.3069950707390e+07]
[-1.3068615535158e+07, -1.3068615535158e+07]
[-1.3067281031260e+07, -1.3067281031260e+07]
[-1.3065947200045e+07, -1.3065947200045e+07]
[-1.3064614045856e+07, -1.3064614045856e+07]
[-1.3063281573028e+07, -1.3063281573028e+07]
[-1.3061949785885e+07, -1.3061949785885e+07]
[-1.3060618688748e+07, -1.3060618688748e+07]
[-1.3059288285925e+07, -1.3059288285925e+07]
[-1.3057958581720e+07, -1.3057958581720e+07]
[-1.3056629580428e+07, -1.3056629580428e+07]
[-1.3055301286336e+07, -1.3055301286336e+07]
[-1.3053973703722e+07, -1.3053973703722e+07]
[-1.3052646836858e+07, -1.3052646836858e+07]
[-1.3051320690007e+07, -1.3051320690007e+07]
[-1.3049995267425e+07, -1.3049995267425e+07]
[-1.3048670573360e+07, -1.3048670573360e+07]
[-1.3047346612050e+07, -1.3047346612050e+07]
[-1.3046023387727e+07, -1.3046023387727e+07]
[-1.3044700904617e+07, -1.3044700904617e+07]
[-1.3043379166934e+07, -1.3043379166934e+07]
[-1.3042058178887e+07, -1.3042058178887e+07]
[-1.3040737944677e+07, -1.3040737944677e+07]
[-1.3039418468495e+07, -1.3039418468495e+07]
[-1.3038099754526e+07, -1.3038099754526e+07]
[-1.3036781806948e+07, -1.3036781806948e+07]
[-1.3035464629928e+07, -1.3035464629928e+07]
[-1.3034148227627e+07, -1.3034148227627e+07]
[-1.3032832604199e+07, -1.3032832604199e+07]
[-1.3031517763789e+07, -1.3031517763789e+07]
[-1.3030203710534e+07, -1.3030203710534e+07]
[-1.3028890448564e+07, -1.3028890448564e+07]
[-1.3027577981999e+07, -1.3027577981999e+07]
[-1.3026266314954e+07, -1.3026266314954e+07]
[-1.3024955451534e+07, -1.3024955451534e+07]
[-1.3023645395837e+07, -1.3023645395837e+07]
[-1.3022336151954e+07, -1.3022336151954e+07]
[-1.3021027723965e+07, -1.3021027723965e+07]
[-1.3019720115946e+07, -1.3019720115946e+07]
[-1.3018413331963e+07, -1.3018413331963e+07]
[-1.3017107376073e+07, -1.3017107376073e+07]
[-1.3015802252329e+07, -1.3015802252329e+07]
[-1.3014497964772e+07, -1.3014497964772e+07]
[-1.3013194517437e+07, -1.3013194517437e+07]
[-1.3011891914351e+07, -1.3011891914351e+07]
[-1.3010590159534e+07, -1.3010590159534e+07]
[-1.3009289256996e+07, -1.3009289256996e+07]
[-1.3007989210741e+07, -1.3007989210741e+07]
[-1.3006690024764e+07, -1.3006690024764e+07]
[-1.3005391703053e+07, -1.3005391703053e+07]
[-1.3004094249588e+07, -1.3004094249588e+07]
[-1.3002797668340e+07, -1.3002797668340e+07]
[-1.3001501963274e+07, -1.3001501963274e+07]
[-1.3000207138345e+07, -1.3000207138345e+07]
[-1.2998913197502e+07, -1.2998913197502e+07]
[-1.2997620144685e+07, -1.2997620144685e+07]
[-1.2996327983827e+07, -1.2996327983827e+07]
[-1.2995036718852e+07, -1.2995036718852e+07]
[-1.2993746353677e+07, -1.2993746353677e+07]
[-1.2992456892212e+07, -1.2992456892212e+07]
[-1.2991168338358e+07, -1.2991168338358e+07]
[-1.2989880696007e+07, -1.2989880696007e+07]
[-1.2988593969045e+07, -1.2988593969045e+07]
[-1.2987308161349e+07, -1.2987308161349e+07]
[-1.2986023276791e+07, -1.2986023276791e+07]
[-1.2984739319230e+07, -1.2984739319230e+07]
[-1.2983456292522e+07, -1.2983456292522e+07]
[-1.2982174200513e+07, -1.2982174200513e+07]
[-1.2980893047041e+07, -1.2980893047041e+07]
[-1.2979612835937e+07, -1.2979612835937e+07]
[-1.2978333571023e+07, -1.2978333571023e+07]
[-1.2977055256114e+07, -1.2977055256114e+07]
[-1.2975777895018e+07, -1.2975777895018e+07]
[-1.2974501491533e+07, -1.2974501491533e+07]
[-1.2973226049452e+07, -1.2973226049452e+07]
[-1.2971951572557e+07, -1.2971951572557e+07]
[-1.2970678064626e+07, -1.2970678064626e+07]
[-1.2969405529425e+07, -1.2969405529425e+07]
[-1.2968133970715e+07, -1.2968133970715e+07]
[-1.2966863392248e+07, -1.2966863392248e+07]
[-1.2965593797770e+07, -1.2965593797770e+07]
[-1.2964325191017e+07, -1.2964325191017e+07]
[-1.2963057575717e+07, -1.2963057575717e+07]
[-1.2961790955593e+07, -1.2961790955593e+07]
[-1.2960525334357e+07, -1.2960525334357e+07]
[-1.2959260715716e+07, -1.2959260715716e+07]
[-1.2957997103368e+07, -1.2957997103368e+07]
[-1.2956734501002e+07, -1.2956734501002e+07]
[-1.2955472912300e+07, -1.2955472912300e+07]
[-1.2954212340939e+07, -1.2954212340939e+07]
[-1.2952952790583e+07, -1.2952952790583e+07]
[-1.2951694264894e+07, -1.2951694264894e+07]
[-1.2950436767521e+07, -1.2950436767521e+07]
[-1.2949180302108e+07, -1.2949180302108e+07]
[-1.2947924872292e+07, -1.2947924872292e+07]
[-1.2946670481700e+07, -1.2946670481700e+07]
[-1.2945417133954e+07, -1.2945417133954e+07]
[-1.2944164832664e+07, -1.2944164832664e+07]
[-1.2942913581437e+07, -1.2942913581437e+07]
[-1.2941663383869e+07, -1.2941663383869e+07]
[-1.2940414243550e+07, -1.2940414243550e+07]
[-1.2939166164063e+07, -1.2939166164063e+07]
[-1.2937919148979e+07, -1.2937919148979e+07]
[-1.2936673201867e+07, -1.2936673201867e+07]
[-1.2935428326285e+07, -1.2935428326285e+07]
[-1.2934184525783e+07, -1.2934184525783e+07]
[-1.2932941803906e+07, -1.2932941803906e+07]
[-1.2931700164187e+07, -1.2931700164187e+07]
[-1.2930459610156e+07, -1.2930459610156e+07]
[-1.2929220145333e+07, -1.2929220145333e+07]
[-1.2927981773229e+07, -1.2927981773229e+07]
[-1.2926744497350e+07, -1.2926744497350e+07]
[-1.2925508321194e+07, -1.2925508321194e+07]
[-1.2924273248248e+07, -1.2924273248248e+07]
[-1.2923039281997e+07, -1.2923039281997e+07]
[-1.2921806425912e+07, -1.2921806425912e+07]
[-1.2920574683462e+07, -1.2920574683462e+07]
[-1.2919344058105e+07, -1.2919344058105e+07]
[-1.2918114553292e+07, -1.2918114553292e+07]
[-1.2916886172467e+07, -1.2916886172467e+07]
[-1.2915658919067e+07, -1.2915658919067e+07]
[-1.2914432796519e+07, -1.2914432796519e+07]
[-1.2913207808244e+07, -1.2913207808244e+07]
[-1.2911983957655e+07, -1.2911983957655e+07]
[-1.2910761248159e+07, -1.2910761248159e+07]
[-1.2909539683152e+07, -1.2909539683152e+07]
[-1.2908319266026e+07, -1.2908319266026e+07]
[-1.2907100000163e+07, -1.2907100000163e+07]
[-1.2905881888939e+07, -1.2905881888939e+07]
[-1.2904664935721e+07, -1.2904664935721e+07]
[-1.2903449143870e+07, -1.2903449143870e+07]
[-1.2902234516737e+07, -1.2902234516737e+07]
[-1.2901021057668e+07, -1.2901021057668e+07]
[-1.2899808770000e+07, -1.2899808770000e+07]
[-1.2898597657063e+07, -1.2898597657063e+07]
[-1.2897387722179e+07, -1.2897387722179e+07]
[-1.2896178968664e+07, -1.2896178968664e+07]
[-1.2894971399825e+07, -1.2894971399825e+07]
[-1.2893765018960e+07, -1.2893765018960e+07]
[-1.2892559829363e+07, -1.2892559829363e+07]
[-1.2891355834319e+07, -1.2891355834319e+07]
[-1.2890153037104e+07, -1.2890153037104e+07]
[-1.2888951440988e+07, -1.2888951440988e+07]
[-1.2887751049234e+07, -1.2887751049234e+07]
[-1.2886551865095e+07, -1.2886551865095e+07]
[-1.2885353891821e+07, -1.2885353891821e+07]
[-1.2884157132649e+07, -1.2884157132649e+07]
[-1.2882961590814e+07, -1.2882961590814e+07]
[-1.2881767269539e+07, -1.2881767269539e+07]
[-1.2880574172041e+07, -1.2880574172041e+07]
[-1.2879382301532e+07, -1.2879382301532e+07]
[-1.2878191661213e+07, -1.2878191661213e+07]
[-1.2877002254280e+07, -1.2877002254280e+07]
[-1.2875814083921e+07, -1.2875814083921e+07]
[-1.2874627153315e+07, -1.2874627153315e+07]
[-1.2873441465635e+07, -1.2873441465635e+07]
[-1.2872257024047e+07, -1.2872257024047e+07]
[-1.2871073831709e+07, -1.2871073831709e+07]
[-1.2869891891772e+07, -1.2869891891772e+07]
[-1.2868711207379e+07, -1.2868711207379e+07]
[-1.2867531781665e+07, -1.2867531781665e+07]
[-1.2866353617760e+07, -1.2866353617760e+07]
[-1.2865176718784e+07, -1.2865176718784e+07]
[-1.2864001087851e+07, -1.2864001087851e+07]
[-1.2862826728068e+07, -1.2862826728068e+07]
[-1.2861653642534e+07, -1.2861653642534e+07]
[-1.2860481834341e+07, -1.2860481834341e+07]
[-1.2859311306572e+07, -1.2859311306572e+07]
[-1.2858142062306e+07, -1.2858142062306e+07]
[-1.2856974104611e+07, -1.2856974104611e+07]
[-1.2855807436551e+07, -1.2855807436551e+07]
[-1.2854642061181e+07, -1.2854642061181e+07]
[-1.2853477981548e+07, -1.2853477981548e+07]
[-1.2852315200693e+07, -1.2852315200693e+07]
[-1.2851153721649e+07, -1.2851153721649e+07]
[-1.2849993547443e+07, -1.2849993547443e+07]
[-1.2848834681093e+07, -1.2848834681093e+07]
[-1.2847677125611e+07, -1.2847677125611e+07]
[-1.2846520884001e+07, -1.2846520884001e+07]
[-1.2845365959261e+07, -1.2845365959261e+07]
[-1.2844212354379e+07, -1.2844212354379e+07]
