-2.1019335814614e-02, +2.6527350326099e-05, +3.6916824587608e-03
-2.1121597392033e-02, +1.9981591222909e-02, +3.5471316221783e-03
-2.1212841472416e-02, +3.9937819621915e-02, +3.3876802442465e-03
-2.1295795706514e-02, +5.9893913230881e-02, +3.2194606820992e-03
-2.1383881391256e-02, +7.9850638978693e-02, +3.0599519442410e-03
-2.1469828951464e-02, +9.9806108667297e-02, +2.9035796994760e-03
-2.1560648358414e-02, +1.1976123795812e-01, +2.7452378478544e-03
-2.1654482651141e-02, +1.3971744731276e-01, +2.5883959814775e-03
-3.7929056904110e-03, +1.0091841992402e-02, +3.8514953587432e-03
-3.8849296832703e-03, +3.0045456767635e-02, +3.6940833423590e-03
-3.9722864661916e-03, +5.0000165288665e-02, +3.5345326664451e-03
-4.0581170287666e-03, +6.9954954739659e-02, +3.3791128657470e-03
-4.1462676315136e-03, +8.9910647267182e-02, +3.2222511701922e-03
-4.2318402233307e-03, +1.0986764544745e-01, +3.0600132125449e-03
-4.3226287608590e-03, +1.2982074597956e-01, +2.9030173992817e-03
-4.4160745991467e-03, +1.4977265535442e-01, +2.7397416537017e-03
+1.3533274107398e-02, +1.9852383499379e-04, +4.1284369678268e-03
+1.3437794068072e-02, +2.0155919871323e-02, +3.9939714678330e-03
+1.3350220797085e-02, +4.0109982484279e-02, +3.8476534464501e-03
+1.3264577430176e-02, +6.0063782465485e-02, +3.6958859871559e-03
+1.3178424135900e-02, +8.0019056847477e-02, +3.5414991379952e-03
+1.3093164662898e-02, +9.9972205599625e-02, +3.3829585269767e-03
+1.3007256990585e-02, +1.1992458669416e-01, +3.2267105549349e-03
+1.2916915359648e-02, +1.3987916642459e-01, +3.0634967121242e-03
+3.0761236004486e-02, +1.0264501164874e-02, +4.2853929004091e-03
+3.0671804802748e-02, +3.0221840845054e-02, +4.1369028848073e-03
+3.0584741481404e-02, +5.0174918523408e-02, +3.9946837236994e-03
+3.0498709651389e-02, +7.0128109108802e-02, +3.8534150830732e-03
+3.0415492862896e-02, +9.0078473225071e-02, +3.7003116804742e-03
+3.0332327180066e-02, +1.1003018281908e-01, +3.5488695930848e-03
+3.0246419753154e-02, +1.2998247497763e-01, +3.3883670868390e-03
+3.0156503034983e-02, +1.4993538834007e-01, +3.2251885833781e-03
+4.8080570379618e-02, +3.6549270949982e-04, +4.5666720453265e-03
+4.7995952190282e-02, +2.0316576454936e-02, +4.4270799864774e-03
+4.7910889311016e-02, +4.0278942019677e-02, +4.2781850382748e-03
+4.7820797081936e-02, +6.0237221565741e-02, +4.1545828865329e-03
+4.7738213040136e-02, +8.0186628858331e-02, +4.0204004223349e-03
+4.7657617806090e-02, +1.0013614755593e-01, +3.8708641289322e-03
+4.7572487812309e-02, +1.2008753709968e-01, +3.7142220437374e-03
+4.7488069724001e-02, +1.4004221170038e-01, +3.5535275019491e-03
+6.5306212591599e-02, +1.0426580720389e-02, +4.7064369817833e-03
+6.5239556369146e-02, +3.0383976343315e-02, +4.5548795328185e-03
+6.5138631966946e-02, +5.0345618263818e-02, +4.4336186372761e-03
+6.5059338854594e-02, +7.0297053872649e-02, +4.3208310345963e-03
+6.4980111289228e-02, +9.0239151448935e-02, +4.1816398498254e-03
+6.4894907599360e-02, +1.1019237415076e-01, +4.0334770132640e-03
+6.4813619418832e-02, +1.3014419729587e-01, +3.8834031188194e-03
+6.4725485172803e-02, +1.5010157021516e-01, +3.7332474837248e-03
+6.4727384855731e-02, +1.4180731486102e-02, -1.4885460820514e-02
+8.2559335522080e-02, +2.0458807177891e-02, +4.8476751144183e-03
+6.6940473075660e-02, +1.0376585049920e-01, -1.1995111356485e-01
-9.8833165357050e-02, -1.1325746342408e-01, -1.7064363607969e-01
+4.7981880473539e-02, +1.2465682471784e-01, -1.2160764213375e-01
+6.6781472754113e-02, +2.8080424406535e-01, -5.8433640623409e-02
+4.7302816553001e-02, +2.7974661771038e-01, -5.4214895558533e-02
+8.2049020971058e-02, +1.4019790999541e-01, +4.0499944350666e-03
+8.0346789491319e-02, +4.5617086455967e-03, -7.0272073680518e-03
+1.0191636915337e-01, +2.2678935940422e-02, +9.1390912900268e-03
-8.5063366192477e-02, -1.1817199429660e-01, -1.5705874349745e-01
+4.2537284489412e-02, +1.0754608679918e-01, -1.3032015802213e-01
+3.8149458967792e-02, +1.2498297474231e-01, -1.3897273086731e-01
+7.4441160808080e-02, +2.6652372871351e-01, -7.0084563639452e-02
+9.4466807667359e-02, +1.2464445417599e-01, +2.6452836624880e-03
+1.3847661238128e-01, +1.8265948953889e-01, +7.5675347608055e-03
-1.5530358669220e-02, +1.0155657696566e-02, +1.9991375372758e-02
-1.5618857012986e-02, +3.0113976830505e-02, +1.9834769537558e-02
-1.5710444588022e-02, +5.0070750587101e-02, +1.9672954516249e-02
-1.5800698910561e-02, +7.0026521228065e-02, +1.9511885615077e-02
-1.5890809562787e-02, +8.9982718657229e-02, +1.9354361036548e-02
-1.5979073532395e-02, +1.0994021887793e-01, +1.9193103154026e-02
-1.6067945083247e-02, +1.2989653604463e-01, +1.9036155730728e-02
-1.6153290189851e-02, +1.4985211325217e-01, +1.8879126032364e-02
+1.7038175878351e-03, +2.0218959393094e-02, +2.0144093473630e-02
+1.6154302598871e-03, +4.0173097389190e-02, +1.9985208057582e-02
+1.5231861294821e-03, +6.0129146930049e-02, +1.9830396696336e-02
+1.4349441666778e-03, +8.0084817881100e-02, +1.9671344723043e-02
+1.3468427685194e-03, +1.0004110285198e-01, +1.9511433456345e-02
+1.2592646764788e-03, +1.1999905281133e-01, +1.9354553470415e-02
+1.1730264064970e-03, +1.3995296521322e-01, +1.9191727163858e-02
+1.0837197272247e-03, +1.5990731325281e-01, +1.9029616251810e-02
+1.9023734791079e-02, +1.0328058003990e-02, +2.0425939004723e-02
+1.8942122130033e-02, +3.0281782592333e-02, +2.0288690285552e-02
+1.8849427399813e-02, +5.0235810625576e-02, +2.0143017730571e-02
+1.8759377111437e-02, +7.0188025782344e-02, +1.9992139206280e-02
+1.8672832891349e-02, +9.0143521326409e-02, +1.9836413944668e-02
+1.8584743175240e-02, +1.1009803050041e-01, +1.9679617290953e-02
+1.8499953598372e-02, +1.3005443040697e-01, +1.9519126325600e-02
+1.8410773429172e-02, +1.5000916422162e-01, +1.9359832632177e-02
+3.6270251560984e-02, +2.0394873910754e-02, +2.0574098850056e-02
+3.6180304321949e-02, +4.0346848061077e-02, +2.0429635862445e-02
+3.6085922470008e-02, +6.0296582393460e-02, +2.0295208671610e-02
+3.5996407567815e-02, +8.0249085185906e-02, +2.0153607314226e-02
+3.5909891094547e-02, +1.0020201922487e-01, +1.9998900318541e-02
+3.5823869650195e-02, +1.2015421073064e-01, +1.9845008458847e-02
+3.5738133336025e-02, +1.4011031684763e-01, +1.9679189502967e-02
+3.5644291724842e-02, +1.6006739309058e-01, +1.9514479298375e-02
+5.3579317427382e-02, +1.0465852918433e-02, +2.0884448222509e-02
+5.3505704902048e-02, +3.0439861611333e-02, +2.0696103950181e-02
+5.3417037257217e-02, +5.0397737365277e-02, +2.0584902864715e-02
+5.3322514039258e-02, +7.0349411462364e-02, +2.0462820930426e-02
+5.3235354785625e-02, +9.0304351891441e-02, +2.0316269982135e-02
+5.3150280667751e-02, +1.1025798410501e-01, +2.0166921409399e-02
+5.3061304652921e-02, +1.3021322318528e-01, +2.0008357900503e-02
+5.2972274283259e-02, +1.5016828547112e-01, +1.9861451941261e-02
+7.0833449781123e-02, +2.0531904019497e-02, +2.0981747823902e-02
+7.0757005993520e-02, +4.0515782157151e-02, +2.0846159687744e-02
+7.0653883266760e-02, +6.0462907969652e-02, +2.0749627219525e-02
+7.0564127707280e-02, +8.0409123805295e-02, +2.0632433038482e-02
+7.0475805478080e-02, +1.0036003778434e-01, +2.0479886079465e-02
+7.0388832640561e-02, +1.2031369650056e-01, +2.0333935628918e-02
+7.0300209015401e-02, +1.4026610331548e-01, +2.0180186001076e-02
+7.0210648196227e-02, +1.6022406379623e-01, +2.0034198296618e-02
+6.4391653056398e-02, -5.7028793739443e-03, -1.3231970963064e-02
+8.8069056352028e-02, +3.0599232136119e-02, +2.1145288720671e-02
+8.4273718277236e-02, +5.0506500865653e-02, +1.0087158381511e-02
+5.3336212361612e-02, +9.1064935512824e-02, -1.2715409131843e-01
+2.8141252332160e-02, +1.1119059643937e-01, -1.4936034566321e-01
+8.7714544177965e-02, +1.1041250364202e-01, +2.0646155928085e-02
+8.7629417734115e-02, +1.3036917617682e-01, +2.0500515036627e-02
+8.7535163914921e-02, +1.5032513534447e-01, +2.0349617038164e-02
+7.6445555618252e-02, +3.0016640286643e-03, -2.6542741611078e-02
+1.0300258031908e-01, +2.7584880262975e-03, +9.7659525065290e-03
+8.6903740643079e-01, +5.7185283276841e-03, -4.7239787247657e-01
+2.2339317315975e-01, +9.9969800561407e-02, -1.4722882374841e-01
+8.7298621161660e-01, +1.5508203833877e-01, -4.7481505979312e-01
+9.7588076232755e-02, +1.2870820695905e-01, -1.6642760151435e-02
+7.9089217562261e-02, +1.2511295488327e-01, -1.0066883056670e-02
+1.3790002571358e-01, +1.6719171169363e-01, +2.0165742532012e-02
-2.1452663210211e-02, +2.7398633782694e-04, +3.6282257287736e-02
-2.1556600458188e-02, +2.0233936756867e-02, +3.6124338950242e-02
-2.1648742575978e-02, +4.0190651377916e-02, +3.5965345263941e-02
-2.1736897994802e-02, +6.0148466880929e-02, +3.5802745813995e-02
-2.1828639963943e-02, +8.0105910408590e-02, +3.5643456255363e-02
-2.1918908315000e-02, +1.0006424298039e-01, +3.5484848898548e-02
-2.2009293503633e-02, +1.2002040349253e-01, +3.5327483186509e-02
-2.2095571822449e-02, +1.3997614568213e-01, +3.5170120667495e-02
-4.2258440068012e-03, +1.0342148707830e-02, +3.6443198815579e-02
-4.3178482481921e-03, +3.0294851093124e-02, +3.6285164629684e-02
-4.4110240553934e-03, +5.0246941106865e-02, +3.6122414347430e-02
-4.5038845659100e-03, +7.0206435931882e-02, +3.5964974078354e-02
-4.5929535484636e-03, +9.0164073647676e-02, +3.5803308455274e-02
-4.6821653224941e-03, +1.1012100436035e-01, +3.5643217192597e-02
-4.7723539856352e-03, +1.3007765252686e-01, +3.5484634427569e-02
-4.8542537261919e-03, +1.5003491145025e-01, +3.5323696586573e-02
+1.3108144948815e-02, +4.5105100620911e-04, +3.6733988536954e-02
+1.3006365764688e-02, +2.0402248130126e-02, +3.6588594578551e-02
+1.2913848709660e-02, +4.0351391730121e-02, +3.6438012587950e-02
+1.2821274419157e-02, +6.0305797307872e-02, +3.6285131687346e-02
+1.2730780568192e-02, +8.0261266053878e-02, +3.6126973561030e-02
+1.2642938366330e-02, +1.0021855602156e-01, +3.5967463495339e-02
+1.2554253568019e-02, +1.2017509336533e-01, +3.5808068918195e-02
+1.2466990085495e-02, +1.4013005582204e-01, +3.5646673394602e-02
+3.0329871788883e-02, +1.0526532021625e-02, +3.6833413337318e-02
+3.0243695107341e-02, +3.0472107385855e-02, +3.6720473134950e-02
+3.0149875232606e-02, +5.0413945569904e-02, +3.6586514116269e-02
+3.0059966206715e-02, +7.0364974505929e-02, +3.6443312757643e-02
+2.9968680751900e-02, +9.0321014228719e-02, +3.6290985111696e-02
+2.9879847164716e-02, +1.1027710282779e-01, +3.6136895446163e-02
+2.9792658152930e-02, +1.3023170239115e-01, +3.5973322827085e-02
+2.9709400973088e-02, +1.5018659343190e-01, +3.5809907484006e-02
+4.7643192262926e-02, +6.3923419630632e-04, +3.7261352921199e-02
+4.7601548272925e-02, +2.0577699724953e-02, +3.7014193259342e-02
+4.7489051932653e-02, +4.0508715605560e-02, +3.6871171169695e-02
+4.7382108239850e-02, +6.0456423264590e-02, +3.6746565584163e-02
+4.7295879745582e-02, +8.0419555558522e-02, +3.6605397534356e-02
+4.7199546765987e-02, +1.0037980425238e-01, +3.6457136504515e-02
+4.7120764572650e-02, +1.2033131574751e-01, +3.6303369920372e-02
+4.7028202342210e-02, +1.4028293292149e-01, +3.6140128658042e-02
+6.4909841133049e-02, +1.0654955951368e-02, +3.7296715828906e-02
+6.4838020343322e-02, +3.0618235049565e-02, +3.7067585948649e-02
+6.4719542819837e-02, +5.0559720666382e-02, +3.7026041124969e-02
+6.4615634676249e-02, +7.0513527510272e-02, +3.6914508648442e-02
+6.4524039192880e-02, +9.0477848696274e-02, +3.6768892996893e-02
+6.4439022110900e-02, +1.1042717617678e-01, +3.6622562477951e-02
+6.4355114902871e-02, +1.3038445682999e-01, +3.6468094073096e-02
+6.4272241990958e-02, +1.5033745631541e-01, +3.6314372669892e-02
+5.7445178272465e-02, -8.5035448046858e-04, -3.1303026217982e-02
+8.2150721548524e-02, +2.0677728313567e-02, +3.7414405889216e-02
+8.2039351154264e-02, +4.0629281062604e-02, +3.7333348589108e-02
+9.6446768907304e-02, +4.8118599921272e-02, +2.5721290823932e-02
+8.1845368964701e-02, +8.0573339813282e-02, +3.7099213852571e-02
+8.1764389194225e-02, +1.0052655414356e-01, +3.6933753841383e-02
+8.1680395062416e-02, +1.2048037927177e-01, +3.6783025797729e-02
+8.1598494319690e-02, +1.4043768282682e-01, +3.6634756408114e-02
+4.7301946607747e-02, +4.4551553064534e-03, -1.4955586911784e-02
+9.6144277402242e-02, +1.2881759204456e-02, +2.5534365847504e-02
+1.0680354020258e-01, -1.4200368869900e-02, -4.5539178681672e-05
+2.6800178942066e-01, +1.0959344821765e-02, -1.1871838521869e-01
+3.3021376603919e-01, +1.0142302989967e-01, -1.1050893750118e-01
+1.0909861748510e-01, +1.3838566069197e-01, -2.9764246354649e-02
+8.1887562018173e-02, +1.3304477892257e-01, -2.8168147044934e-02
+3.9994024287670e-03, +2.7164573258756e-01, -9.3335612034129e-02
-1.5981010237905e-02, +1.0415687412080e-02, +5.2577094259436e-02
-1.6059550914604e-02, +3.0370218341940e-02, +5.2413443427882e-02
-1.6155992190286e-02, +5.0326844856010e-02, +5.2249678040629e-02
-1.6249245325685e-02, +7.0284904749558e-02, +5.2092229871811e-02
-1.6340419543913e-02, +9.0242431414293e-02, +5.1933582689328e-02
-1.6428306185770e-02, +1.1019995961164e-01, +5.1774299365789e-02
-1.6514305116208e-02, +1.3015546536915e-01, +5.1619349007308e-02
-1.6603076302668e-02, +1.5011335195040e-01, +5.1452598437882e-02
+1.2679738053547e-03, +2.0454306643439e-02, +5.2742966337465e-02
+1.1759611602631e-03, +4.0417154947533e-02, +5.2579420099854e-02
+1.0776033004596e-03, +6.0379802461998e-02, +5.2416354665861e-02
+9.8386133585003e-04, +8.0339555120675e-02, +5.2257675828737e-02
+8.9653163686819e-04, +1.0029719321212e-01, +5.2096830599882e-02
+8.0850092829412e-04, +1.2025357917112e-01, +5.1937623873775e-02
+7.2067866053798e-04, +1.4021018926567e-01, +5.1775046951665e-02
+6.3063094106806e-04, +1.6016945506798e-01, +5.1617027265481e-02
+1.8635425276557e-02, +1.0573769781366e-02, +5.3028112467358e-02
+1.8510776027885e-02, +3.0515861811775e-02, +5.2895989219755e-02
+1.8407780259710e-02, +5.0469187702631e-02, +5.2738284067778e-02
+1.8309218534940e-02, +7.0431112264162e-02, +5.2576990594511e-02
+1.8217586307128e-02, +9.0392701195616e-02, +5.2420841684315e-02
+1.8132942761453e-02, +1.1035188713712e-01, +5.2263394857878e-02
+1.8041509440236e-02, +1.3030707147019e-01, +5.2103098236731e-02
+1.7949661089701e-02, +1.5026365625486e-01, +5.1930869299561e-02
+3.5845446143942e-02, +2.0616309353280e-02, +5.3085287531334e-02
+3.5753064332012e-02, +4.0584124127789e-02, +5.3019473385243e-02
+3.5635572470826e-02, +6.0522610808021e-02, +5.2896100462163e-02
+3.5539992823260e-02, +8.0484338138016e-02, +5.2736805129369e-02
+3.5454939043170e-02, +1.0044632971165e-01, +5.2595179735997e-02
+3.5368884716345e-02, +1.2040459957647e-01, +5.2430564400435e-02
+3.5270271107977e-02, +1.4036056111739e-01, +5.2262841538077e-02
+3.5173819781170e-02, +1.6032607486822e-01, +5.2107606900629e-02
+5.2449091832103e-02, +5.3640320785283e-03, +5.6044137224326e-02
+5.6912264066592e-02, +2.4732079327754e-02, +5.4255640958084e-02
+5.2992257919121e-02, +5.0632555183798e-02, +5.3188621234471e-02
+5.2871651084563e-02, +7.0578080216503e-02, +5.3052057346048e-02
+5.2765281573539e-02, +9.0541737507866e-02, +5.2904538391183e-02
+5.2693641904191e-02, +1.1050133734353e-01, +5.2772288872363e-02
+5.2604625330563e-02, +1.3046371970458e-01, +5.2596356166468e-02
+5.2488359710558e-02, +1.5043362180592e-01, +5.2415468701050e-02
+7.1510784685180e-02, +1.1299917979643e-02, +5.6127604797424e-02
+7.6020338903994e-02, +3.0603302100491e-02, +5.3584187760228e-02
+8.0425726132102e-02, +6.4856127405092e-02, +5.9579543313916e-02
+7.0079852668002e-02, +8.0658978846065e-02, +5.3220232944718e-02
+8.1457789118611e-02, +1.0603873551700e-01, +6.0299378371944e-02
+6.9934213770683e-02, +1.2056067529196e-01, +5.2911314681792e-02
+7.2315402445559e-02, +1.5084051274224e-01, +5.4574408626481e-02
+8.8056122516244e-02, +1.6310494356818e-01, +5.4720034120617e-02
+4.2133687169057e-02, -2.5422060584671e-03, -4.3999063623053e-02
+9.8940484707925e-02, +1.3304389733288e-02, +4.5292955275634e-02
+9.5499387275992e-02, +3.2489486742921e-02, +4.9584210355910e-02
+1.1523882128225e-01, +5.0084983896336e-02, +3.2148977500206e-02
+1.7851152184755e-01, +1.1766278142350e-01, +6.6523817337427e-03
+8.9586110687333e-02, +1.2343970687459e-01, +5.4865220381808e-02
+9.0797607497174e-02, +1.4334626018402e-01, +5.4113763319434e-02
-1.5797716671559e-01, +2.3858062710179e-01, -2.9856560479173e-02
+2.5877241360877e-02, -1.3132654854329e-02, -4.8681685200845e-02
+6.3793510843469e-01, -2.1829876604571e-01, -9.1764271403030e-02
+1.1483725874002e-01, +3.6562512524866e-02, +4.6818153794353e-02
+3.4745163237003e-01, +9.5016628666576e-02, -1.0275771566237e-01
+1.9468281813395e-01, +1.2918455208281e-01, +8.6537208049920e-03
+6.3031427040123e-01, +2.8560529151760e-01, -1.3040209319600e-01
+1.9213403137963e-03, +4.0341163145378e-01, +7.4869167408212e-02
+1.2647188595404e-02, +2.6102888815025e-01, -1.0785398222503e-01
-2.1947391451677e-02, +5.5114453175770e-04, +6.8870271392940e-02
-2.2032676548939e-02, +2.0505830385392e-02, +6.8698332731326e-02
-2.2112675380289e-02, +4.0458210832564e-02, +6.8533076772714e-02
-2.2203484419990e-02, +6.0415501674333e-02, +6.8372393213063e-02
-2.2288917085130e-02, +8.0371746563936e-02, +6.8222208533934e-02
-2.2376026074526e-02, +1.0033125283769e-01, +6.8060128301140e-02
-2.2461145168361e-02, +1.2028691738525e-01, +6.7907633534192e-02
-2.2544853924856e-02, +1.4024367406748e-01, +6.7744489072995e-02
-4.7136325197242e-03, +1.0600518841483e-02, +6.9047651583627e-02
-4.7832696300699e-03, +3.0549812691835e-02, +6.8870708820062e-02
-4.8734098120361e-03, +5.0507524313019e-02, +6.8704218145583e-02
-4.9621474257134e-03, +7.0464718150111e-02, +6.8544032850441e-02
-5.0512845086882e-03, +9.0425748525867e-02, +6.8388238131677e-02
-5.1366098041633e-03, +1.1038449235380e-01, +6.8225154714641e-02
-5.2182553112879e-03, +1.3033939178350e-01, +6.8067731801642e-02
-5.3087816406142e-03, +1.5029407065329e-01, +6.7906270645341e-02
-4.7532381696350e-03, -9.1916853371442e-03, +7.1622725735820e-02
+1.2544299677695e-02, +2.0618316549763e-02, +6.9212273618039e-02
+1.2449002925147e-02, +4.0586934992247e-02, +6.9039372204272e-02
+1.2367532758427e-02, +6.0548750824907e-02, +6.8872478783023e-02
+1.2273745098961e-02, +8.0513342205418e-02, +6.8710326504560e-02
+1.2185880849186e-02, +1.0047829248226e-01, +6.8551316461214e-02
+1.2106487725667e-02, +1.2043532682359e-01, +6.8395117695015e-02
+1.2017487206846e-02, +1.4039820068187e-01, +6.8232664997374e-02
+2.9422422949493e-02, +7.8563484228232e-03, +6.9593978493040e-02
+3.0390091442432e-02, +3.0592931557705e-02, +6.9402275215180e-02
+2.9691703221592e-02, +5.0601424314576e-02, +6.9206092523834e-02
+2.9593715162765e-02, +7.0589721587171e-02, +6.9032281080674e-02
+2.9506354395145e-02, +9.0563138407616e-02, +6.8875375452197e-02
+2.9434610097327e-02, +1.1052167838517e-01, +6.8723362139839e-02
+2.9342226111935e-02, +1.3048375363141e-01, +6.8555759926316e-02
+2.3404748082720e-02, +1.6039172081289e-01, +6.8229637393977e-02
-1.1221126309728e-01, -2.8966767119693e-01, +7.2521934813212e-02
+4.6339543325157e-02, +1.8432877326831e-02, +6.9838615948659e-02
+5.9544062349295e-02, +4.2431567676922e-02, +7.0181933405410e-02
+4.6917399586943e-02, +6.0680789579433e-02, +6.9337083800912e-02
+4.6810498813033e-02, +8.0630711148953e-02, +6.9178157784607e-02
+4.6767347001394e-02, +1.0058389853465e-01, +6.9068745726970e-02
+5.8224540728541e-02, +1.2066318695113e-01, +6.9055619989698e-02
+4.0732067952781e-02, +1.5048250482876e-01, +6.8555338773163e-02
+3.4288777141465e-02, -1.8234216579710e-03, +5.1949280210043e-02
+6.8084641483660e-02, +2.4393086103043e-02, +7.0818041629666e-02
+7.7422874419426e-02, +5.0726745597556e-02, +7.3322170238763e-02
+6.4146531827912e-02, +7.0769667053118e-02, +6.9531004030596e-02
+6.6382200293624e-02, +9.4726179012721e-02, +6.6886922209771e-02
+7.6709865840194e-02, +1.0604237396182e-01, +7.9674895204303e-02
+5.8094064615370e-02, +1.4063863719884e-01, +6.8845325385306e-02
+4.5922508381297e-02, +1.6739634762268e-01, +1.3615698711749e-01
-6.0702066805087e-02, -3.6826764510325e-01, +6.8254495953613e-02
+9.1553735555292e-02, -1.8138857028038e-02, +1.0558391744576e-01
+8.9238123692787e-02, +1.8228248838666e-02, +6.2030257528676e-02
+1.0960371144630e-01, +3.6897209953246e-02, +1.0522287070246e-01
+1.0160844398050e-01, +9.1701339315229e-02, +1.1521310608371e-01
+8.2440594845712e-02, +8.6449825323015e-02, +1.1707159189192e-01
+7.6780180010387e-02, +1.3461800638819e-01, +6.5313899051368e-02
+4.9234398828038e-02, +1.7400054569694e-01, +1.1761899323683e-01
+2.5127727663883e-01, -7.4592906076304e-01, +5.7740680076849e-02
+1.0379178848464e-01, -3.0103613937787e-03, +3.4868444381832e-02
+4.4288066041896e-01, -3.0442528796492e-02, +1.2097650818205e-01
+4.5091277468840e-01, -4.8287630337866e-02, +1.2488931916549e-01
+4.2548972606238e-01, +2.1846135685584e-01, +1.7385448771704e-01
+4.1387189621447e-01, +2.0760172084527e-01, +1.6179772061043e-01
+9.2870898030173e-02, +1.4266334893625e-01, +7.3957727532159e-02
-1.4473901714110e-01, +7.7150028081085e-01, +1.0530136054995e-01
-1.6488145071467e-02, +1.0699902575027e-02, +8.5166522065446e-02
-1.6563141210418e-02, +3.0650784466080e-02, +8.4990645060874e-02
-1.6645686246961e-02, +5.0604574576417e-02, +8.4826695430936e-02
-1.6729417090968e-02, +7.0558150355745e-02, +8.4670013848479e-02
-1.6812260348261e-02, +9.0516121178288e-02, +8.4511370661673e-02
-1.6894034616872e-02, +1.1047505668873e-01, +8.4354590355001e-02
-1.6968035919080e-02, +1.3043103681194e-01, +8.4197544211002e-02
-1.7055548457820e-02, +1.5038407791401e-01, +8.4036929951508e-02
+7.5979679352803e-04, +2.0746679946030e-02, +8.5342775080775e-02
+6.8067084664935e-04, +4.0697945751120e-02, +8.5166753451980e-02
+5.9629009221952e-04, +6.0650687579029e-02, +8.4997407068706e-02
+5.1042970633232e-04, +8.0608056529754e-02, +8.4837520758364e-02
+4.2475936421409e-04, +1.0056755622862e-01, +8.4678547587296e-02
+3.5042243910171e-04, +1.2052166072591e-01, +8.4523042441765e-02
+2.6790728282542e-04, +1.4047708970912e-01, +8.4360060648422e-02
+1.8159218262181e-04, +1.6043758883657e-01, +8.4187249821214e-02
+1.8069421293420e-02, +1.0834459759967e-02, +8.5733501733954e-02
+1.8003405929562e-02, +3.0789203723045e-02, +8.5520181287518e-02
+1.7924961175313e-02, +5.0743103060721e-02, +8.5336895386273e-02
+1.7832743101743e-02, +7.0698438623373e-02, +8.5165890846029e-02
+1.7745550541310e-02, +9.0659338696368e-02, +8.5002565665390e-02
+1.7673406789778e-02, +1.1061363346413e-01, +8.4846074817461e-02
+1.7597775626806e-02, +1.3057319516673e-01, +8.4683278620998e-02
+1.7491999979363e-02, +1.5052737289651e-01, +8.4543280803661e-02
+3.5301985370506e-02, +2.0870924507683e-02, +8.6088317360934e-02
+3.5254251866757e-02, +4.0840154521910e-02, +8.5735058490767e-02
+3.5170530466369e-02, +6.0794439830784e-02, +8.5488943466919e-02
+3.5060438830720e-02, +8.0754935555790e-02, +8.5322297346835e-02
+3.4989451135762e-02, +1.0071082522127e-01, +8.5171746490739e-02
+3.4917549203085e-02, +1.2067796819607e-01, +8.5019192409012e-02
+3.6211756793928e-02, +1.4060759051561e-01, +8.5312067414125e-02
+3.4684761695173e-02, +1.6056071038313e-01, +8.4682235408120e-02
+5.5570374997639e-02, +1.1196966000185e-02, +8.7966017322424e-02
+5.5860928760316e-02, +3.1154421028909e-02, +8.7958461697064e-02
+5.6303932399836e-02, +5.1102020665929e-02, +8.7879511337406e-02
+5.6815625898376e-02, +7.1092527997923e-02, +8.8115996275857e-02
+5.6259960649319e-02, +9.0592576173245e-02, +8.3596914439039e-02
+5.2233049819861e-02, +1.1077517820330e-01, +8.5339213173700e-02
+5.4326643483672e-02, +1.3214952465352e-01, +8.6464118536393e-02
+5.2606661432185e-02, +1.5201965335089e-01, +8.5939125667007e-02
+7.2859441960146e-02, +2.0946629461700e-02, +8.9937498618939e-02
+7.3238361067602e-02, +4.0849899909126e-02, +9.0128162257622e-02
+7.3689714266671e-02, +6.0744659280997e-02, +9.0175635827072e-02
+6.5912834519578e-02, +7.8596807918179e-02, +1.0427647721578e-01
+7.0986671086128e-02, +9.6017079105508e-02, +9.5943815778606e-02
+7.2413895007825e-02, +1.2380794113636e-01, +8.7676387998923e-02
+7.0645700977553e-02, +1.4368356348056e-01, +8.7207428262920e-02
+4.6282893761057e-02, +1.6407391167323e-01, +1.0054480645054e-01
+9.3773038782239e-02, +7.3338569812589e-04, +9.9482794265461e-02
+9.5294665845192e-02, +2.0514472817820e-02, +9.7304944178302e-02
+9.2451440603517e-02, +4.0193069506566e-02, +9.5553559597168e-02
+1.0105252023538e-01, +5.4905826413288e-02, +1.0596100582869e-01
+8.9935773854245e-02, +9.0502369301471e-02, +9.9051610940563e-02
+9.1489805250385e-02, +1.2920678446952e-01, +8.9915830719594e-02
+1.0280859675374e-01, +1.4561717830155e-01, +9.1018170760718e-02
+1.0980880393115e-01, +1.6047773657664e-01, +1.0236313404053e-01
+2.6148858673695e-01, -4.6209221793709e-02, +1.9064488387806e-01
+3.8110982271000e-01, +9.0339454590458e-02, +2.4320166008859e-01
+5.9064669076634e-01, +6.4967285812490e-02, +2.2944335471598e-01
+2.5398369073679e-01, +8.7063586022965e-02, +1.0945502157117e-01
+4.8551601231825e-01, +9.5215479413797e-02, +2.4250224014073e-01
+4.8708015014292e-01, +7.5805788101323e-02, +2.4687154845902e-01
+1.1613938184608e-01, +1.4179360649690e-01, +1.0537293250330e-01
+1.0730196918927e-01, +1.7784677337006e-01, +1.1187257242828e-01
-2.2472096345291e-02, +8.4227355459376e-04, +1.0146041938175e-01
-2.2556974291955e-02, +2.0798550466187e-02, +1.0128246213942e-01
-2.2627014113511e-02, +4.0751016380268e-02, +1.0111202601299e-01
-2.2700964147865e-02, +6.0700386405323e-02, +1.0095406153567e-01
-2.2777730586130e-02, +8.0654416169953e-02, +1.0079761831984e-01
-2.2854297558327e-02, +1.0061271497157e-01, +1.0064220028263e-01
-2.2921784132618e-02, +1.2057065329867e-01, +1.0048689326075e-01
-2.2993872491008e-02, +1.4052514415894e-01, +1.0033061744889e-01
-5.2388173193450e-03, +1.0902015813616e-02, +1.0163969503793e-01
-5.3066234654690e-03, +3.0846830248097e-02, +1.0145942836962e-01
-5.3806881499678e-03, +5.0794813980490e-02, +1.0128901096690e-01
-5.4570844966890e-03, +7.0744610982525e-02, +1.0112640109826e-01
-5.5376377489463e-03, +9.0700578636313e-02, +1.0096567006449e-01
-5.6079886034445e-03, +1.1065760924268e-01, +1.0081166956914e-01
-5.6756778249192e-03, +1.3061730845174e-01, +1.0065270592513e-01
-5.7491975928206e-03, +1.5057018898916e-01, +1.0048659633650e-01
+1.2048856853234e-02, +9.7790839713074e-04, +1.0202694553717e-01
+1.2006452214300e-02, +2.0941828329705e-02, +1.0183256474151e-01
+1.1937797375077e-02, +4.0897103876973e-02, +1.0163862172391e-01
+1.1862562303588e-02, +6.0840880437664e-02, +1.0145801593959e-01
+1.1778265373674e-02, +8.0792619757410e-02, +1.0129413855927e-01
+1.1702764111783e-02, +1.0074899371492e-01, +1.0113466231323e-01
+1.1640817734453e-02, +1.2070374195987e-01, +1.0097240353780e-01
+1.1576484203435e-02, +1.4065607582525e-01, +1.0081081756303e-01
+2.9289397241117e-02, +1.0987888705310e-02, +1.0225192312952e-01
+2.9228297361629e-02, +3.0997215561197e-02, +1.0202736195815e-01
+2.9195591599695e-02, +5.0955701977196e-02, +1.0179686848891e-01
+2.9096024697254e-02, +7.0890074553029e-02, +1.0162210549337e-01
+2.9009020012213e-02, +9.0844982576443e-02, +1.0145990308660e-01
+2.8953580304994e-02, +1.1078863377043e-01, +1.0130421884046e-01
+2.8901842997244e-02, +1.3073843969373e-01, +1.0114932516625e-01
+2.8885075510270e-02, +1.5062213660550e-01, +1.0096867404405e-01
+4.7921558978727e-02, +1.2681397640335e-03, +1.0348349443789e-01
+4.8053769080334e-02, +2.1230530074270e-02, +1.0348080544739e-01
+4.8251066273775e-02, +4.1222822523021e-02, +1.0338928251331e-01
+4.6428976869470e-02, +6.1061937551292e-02, +1.0198292521381e-01
+4.6290809180066e-02, +8.0977588115185e-02, +1.0179301775029e-01
+4.6265021810671e-02, +1.0088597478874e-01, +1.0162219272518e-01
+4.6218432296527e-02, +1.2083192436135e-01, +1.0150799214661e-01
+4.6794037698405e-02, +1.4186030488393e-01, +1.0208345427164e-01
+6.5175134863411e-02, +1.1105988027248e-02, +1.0547770729080e-01
+6.5294268804478e-02, +3.1038452735445e-02, +1.0551312547046e-01
+6.5534490700663e-02, +5.0979440171412e-02, +1.0555046859513e-01
+5.3174727796698e-02, +7.1248976110610e-02, +1.1778733640370e-01
+5.5724014648029e-02, +9.0994320360902e-02, +1.1619343047426e-01
+6.4799227419659e-02, +1.1363100447677e-01, +1.0306471493668e-01
+6.4884726531014e-02, +1.3356915712800e-01, +1.0336305649870e-01
+6.2996390364113e-02, +1.5342852933495e-01, +1.0293485739554e-01
+7.6577316312616e-02, -5.1217430521144e-03, +1.0774227020134e-01
+8.4003026735257e-02, +1.2922412670984e-02, +1.1190877536919e-01
+8.3999935196516e-02, +3.2868583055750e-02, +1.1207778685064e-01
+8.3250704955423e-02, +5.2626920924100e-02, +1.1464828816576e-01
+9.5483580548565e-02, +7.3892972692093e-02, +1.0864365536398e-01
+8.7259161354791e-02, +1.0522572484200e-01, +1.1225985118441e-01
+8.1814689486199e-02, +1.2350459527547e-01, +1.0642394167278e-01
+8.1654469095916e-02, +1.4887582454610e-01, +1.0840369430463e-01
+9.2987827482817e-02, -3.4270327649420e-03, +1.1898443485157e-01
+1.0071488464268e-01, +2.2932498340345e-02, +1.1635355942186e-01
+9.8998649338902e-02, +4.2244850766957e-02, +1.2126605628144e-01
+1.0489625210328e-01, +4.8425019667366e-02, +1.3931181541394e-01
+9.6575575548598e-02, +1.1960661785131e-01, +1.2249295788386e-01
+1.0041171210653e-01, +1.1711693595143e-01, +1.0306674508473e-01
+9.7111147883518e-02, +1.3625906465343e-01, +1.0769788964957e-01
+9.4308515268273e-02, +1.6296655099100e-01, +1.1468837385014e-01
-1.7008387106045e-02, +1.0989843904466e-02, +1.1775489624939e-01
-1.7074068932500e-02, +3.0942129788262e-02, +1.1757758603490e-01
-1.7138507482530e-02, +5.0888118300159e-02, +1.1741230515088e-01
-1.7212327370789e-02, +7.0837038118017e-02, +1.1725225284792e-01
-1.7290983995756e-02, +9.0788661348092e-02, +1.1709507594505e-01
-1.7361661606422e-02, +1.1074707867808e-01, +1.1693798162537e-01
-1.7424207919518e-02, +1.3070887217608e-01, +1.1678168361361e-01
-1.7492544650140e-02, +1.5066594696591e-01, +1.1662043947264e-01
+2.3366911093031e-04, +2.1038041876632e-02, +1.1793956059085e-01
+1.7686125565811e-04, +4.0986446113573e-02, +1.1775361559360e-01
+1.1004375184193e-04, +6.0929834186142e-02, +1.1758420423190e-01
+2.8652282234748e-05, +8.0880538762636e-02, +1.1742214358901e-01
-5.0180089465315e-05, +1.0083334151027e-01, +1.1726363745343e-01
-1.1913400910134e-04, +1.2079266561551e-01, +1.1710057262976e-01
-1.7208291168208e-04, +1.4076077928258e-01, +1.1694577224357e-01
-2.4263593802937e-04, +1.6071292938793e-01, +1.1676842732989e-01
+1.7529029074339e-02, +1.1132298139894e-02, +1.1833153026013e-01
+1.7486731345775e-02, +3.1092561794985e-02, +1.1812963868240e-01
+1.7442991732434e-02, +5.1029175169058e-02, +1.1792084521373e-01
+1.7351421177372e-02, +7.0968937052503e-02, +1.1775072705802e-01
+1.7266289241435e-02, +9.0922303342305e-02, +1.1759097418982e-01
+1.7189247892639e-02, +1.1087014310844e-01, +1.1743362065334e-01
+1.7116922370713e-02, +1.3083342242794e-01, +1.1726789665961e-01
+1.7095188647128e-02, +1.5081547754422e-01, +1.1706805579821e-01
+3.4776959367640e-02, +2.1186273934698e-02, +1.1845954233110e-01
+3.4794347450118e-02, +4.1140709291817e-02, +1.1822798987468e-01
+3.4700757050646e-02, +6.1069997325864e-02, +1.1810119315645e-01
+3.4576118228745e-02, +8.1011084718859e-02, +1.1791296947037e-01
+3.4519308986616e-02, +1.0094513589806e-01, +1.1777065901991e-01
+3.4417892851702e-02, +1.2088046341675e-01, +1.1760316737672e-01
+3.4348175319843e-02, +1.4083883882817e-01, +1.1753625169533e-01
+3.2075934966603e-02, +1.6396700160512e-01, +1.1544776367368e-01
+5.1881534379482e-02, +1.1190005087611e-02, +1.2032860356392e-01
+5.1924436273252e-02, +3.1174697350892e-02, +1.2029777963940e-01
+5.1961485449308e-02, +5.1168890985445e-02, +1.2023893542159e-01
+4.5269662743460e-02, +7.8663266000637e-02, +1.3457359505760e-01
+4.7472820917111e-02, +9.8426910950258e-02, +1.3279817078400e-01
+5.1751961343122e-02, +1.1093545128007e-01, +1.1790245984083e-01
+5.1632297981848e-02, +1.3084509577625e-01, +1.1797560458637e-01
+4.9299857892177e-02, +1.5408959424382e-01, +1.1755213987360e-01
+6.9059406840245e-02, +2.1082030538517e-02, +1.2235012572162e-01
+6.9049933779496e-02, +4.1033030167850e-02, +1.2245609442821e-01
+3.3566543443891e-02, +7.9639017783460e-02, +1.5071220576420e-01
+2.9228831840537e-02, +9.0557315059383e-02, +1.3458339343623e-01
+5.6931486213610e-02, +1.1564513320724e-01, +1.3653688673604e-01
+6.8673413579646e-02, +1.2094259889814e-01, +1.2124734124539e-01
+6.6332366577952e-02, +1.4410880137063e-01, +1.2025879089827e-01
+6.6465735972827e-02, +1.6404427106383e-01, +1.1948173310697e-01
+8.0151923253823e-02, +6.6417509412931e-03, +1.3046780529151e-01
+8.6783829943700e-02, +2.5469499863779e-02, +1.3041461826447e-01
+9.3595661550204e-02, +2.3111590517213e-02, +1.4902738556946e-01
+1.1053871658878e-01, +1.5165871634881e-02, +1.5596520392405e-01
+1.0867181713144e-01, +1.0957214156570e-01, +1.3478783461429e-01
+7.6857100660865e-02, +1.2863412632438e-01, +1.4014047194242e-01
+8.3903271386347e-02, +1.3501569542844e-01, +1.2259214937362e-01
+8.1859515266111e-02, +1.5424026450721e-01, +1.2762156752569e-01
+9.9715281292202e-02, +1.0328419219012e-02, +1.3179013426084e-01
+1.0597650348402e-01, +2.9078448055454e-02, +1.3456418968760e-01
+1.0909513721378e-01, +3.4905535338108e-02, +1.5338777731224e-01
+1.2153424517342e-01, +2.5404316717062e-03, +1.4510100823990e-01
+8.9896871881628e-02, +1.1352368735569e-01, +1.4028466798946e-01
+9.6357908544172e-02, +1.3225699606212e-01, +1.3793235260971e-01
+1.0003685918781e-01, +1.4658091465858e-01, +1.2452879923663e-01
+1.2175031467057e+00, +8.2305931554749e-02, +4.7553719843935e-01
