-1.1577098303749e-02, -7.2689264764170e-04, +2.3911889107574e-03
-1.1598270403457e-02, -7.2695642696620e-04, +2.3181112061357e-03
-1.1617691741201e-02, -7.2351372963418e-04, +2.2360821579146e-03
-1.1629452554939e-02, -7.2020185490110e-04, +2.1579772022236e-03
-1.1641038703040e-02, -7.2101283915619e-04, +2.0778252912652e-03
-1.1659641226622e-02, -7.2158093421528e-04, +2.0071711212326e-03
-1.1682279128412e-02, -7.3439684659396e-04, +1.9297389393977e-03
-1.1664173973933e-02, -7.3296442777932e-04, +1.8426741534038e-03
-1.1586049557564e-02, -7.1340190188748e-04, +2.5276698723810e-03
-1.1608416301871e-02, -7.1068155608319e-04, +2.4487549795187e-03
-1.1623447545218e-02, -7.0734282794003e-04, +2.3732558782830e-03
-1.1638542348836e-02, -7.0603990260507e-04, +2.2975023740756e-03
-1.1651984038456e-02, -7.0570010328768e-04, +2.2213242242754e-03
-1.1661800799503e-02, -7.1159942606377e-04, +2.1425202907664e-03
-1.1671950142359e-02, -7.1591719474067e-04, +2.0657633672404e-03
-1.1680557681061e-02, -7.1726715263278e-04, +1.9783231779794e-03
-1.1566253842396e-02, -7.0684675240865e-04, +2.7188711020336e-03
-1.1594809095240e-02, -7.0367993322534e-04, +2.6641082377507e-03
-1.1615437700788e-02, -6.9645135930642e-04, +2.5833702465051e-03
-1.1634285633732e-02, -6.9283128065577e-04, +2.5083453634219e-03
-1.1647696863490e-02, -6.9140317469111e-04, +2.4328283481316e-03
-1.1659752478821e-02, -6.9351593891598e-04, +2.3584499725303e-03
-1.1669439053508e-02, -6.9681619658328e-04, +2.2793841254198e-03
-1.1679520167904e-02, -6.9807071999685e-04, +2.2014294887565e-03
-1.1588607517275e-02, -6.9806802492181e-04, +2.8621369960936e-03
-1.1606946000320e-02, -6.9435636783252e-04, +2.7970067616015e-03
-1.1625507749846e-02, -6.8041155262683e-04, +2.7189007682079e-03
-1.1643067837050e-02, -6.7620884319511e-04, +2.6408456673457e-03
-1.1656660911354e-02, -6.7481787331799e-04, +2.5720666856167e-03
-1.1664589622981e-02, -6.7627457150922e-04, +2.4964283619652e-03
-1.1678947152747e-02, -6.8241918997520e-04, +2.4131206430990e-03
-1.1694612205752e-02, -6.8415423522179e-04, +2.3226398922309e-03
-1.1590118415586e-02, -8.0806485567204e-04, +3.0114255433612e-03
-1.1633232271652e-02, -6.4976149814805e-04, +2.9761405796205e-03
-1.1597090316409e-02, -6.4245586110248e-04, +2.9130988446239e-03
-1.1619769334700e-02, -6.5964110176945e-04, +2.8490280229484e-03
-1.1650932720438e-02, -6.5747688979687e-04, +2.7804794123583e-03
-1.1664371903076e-02, -6.5436079836214e-04, +2.7025568669515e-03
-1.1670605408495e-02, -6.5280208805315e-04, +2.6321964907829e-03
-1.1686339298643e-02, -6.6371946141854e-04, +2.5392557140519e-03
-1.1489744102694e-02, -6.8401278489448e-04, +2.9743338180414e-03
-1.1625710788963e-02, -6.1892336351155e-04, +3.1274515332588e-03
-1.1600995667971e-02, -6.3899365947922e-04, +3.1195838958547e-03
-1.1636421821050e-02, -6.4854242574499e-04, +2.9793944470616e-03
-1.1666857564208e-02, -6.4773001528025e-04, +2.9063657808676e-03
-1.1684043548936e-02, -6.3489316071259e-04, +2.8193527597696e-03
-1.1628381812745e-02, -6.3510959595923e-04, +2.6488948500718e-03
-1.1686732395677e-02, -6.1958983515090e-04, +2.6259635950773e-03
-1.1184990647859e-02, +2.0408649110840e-02, +7.3129908110079e-03
-1.1487893261647e-02, -6.9036105986494e-04, +3.4008040347581e-03
-3.8270513705089e-02, +3.3918354134518e-02, -7.9460110336763e-02
-1.3187266150894e-01, -9.7073840714130e-02, -7.0949659632063e-02
-5.3927313569783e-02, +2.9093394671274e-02, -7.0153662478609e-02
-8.9325410916263e-03, +9.8822828517369e-02, -2.7333449212297e-02
-3.3108734847634e-03, +1.1823153923630e-01, +3.4851097434455e-03
-1.1665811012959e-02, -5.7272301892389e-04, +2.8390749548737e-03
-1.4611178513459e-02, +5.4596776125885e-03, -4.1592024927075e-03
-1.1564392474717e-02, -6.2462488004179e-04, +3.7263159215670e-03
-1.0502174342371e-01, -1.0185024478910e-01, -9.9893983757034e-02
-3.4879722687919e-02, +2.3965438972575e-02, -7.1985972404835e-02
-3.7363106548362e-02, +1.9508016582960e-02, -7.9711334393983e-02
-5.0527389499295e-02, +8.3307278806360e-02, -3.5661291375413e-02
-1.4852482504555e-02, -3.1038084831336e-03, +2.7620536246785e-03
+1.6682102539050e-02, -1.3416155782351e-02, -1.4335414184376e-02
-1.1750516735429e-02, -6.6111657626457e-04, +2.4110866735955e-03
-1.1771513703499e-02, -6.5560895256844e-04, +2.3349848014519e-03
-1.1788540612314e-02, -6.5694928412268e-04, +2.2571580040700e-03
-1.1802200391475e-02, -6.5574447247408e-04, +2.1789967046195e-03
-1.1815782483157e-02, -6.5446690892786e-04, +2.1004193705411e-03
-1.1829375720100e-02, -6.5361208805681e-04, +2.0208640871508e-03
-1.1840337277484e-02, -6.5986525213266e-04, +1.9402198595810e-03
-1.1851862812915e-02, -6.5879156267341e-04, +1.8605358459354e-03
-1.1764752525548e-02, -6.4544919868210e-04, +2.5461644628866e-03
-1.1781504694400e-02, -6.4340101015469e-04, +2.4664092051269e-03
-1.1798192156932e-02, -6.3894763865062e-04, +2.3918767908046e-03
-1.1811201173039e-02, -6.3867021352046e-04, +2.3150336902763e-03
-1.1825455814766e-02, -6.3765077656999e-04, +2.2397427305004e-03
-1.1838389660857e-02, -6.3967405668556e-04, +2.1590540263379e-03
-1.1852113890208e-02, -6.4500166253665e-04, +2.0757620995554e-03
-1.1864577541583e-02, -6.4729497400744e-04, +1.9899091685090e-03
-1.1755157467798e-02, -6.3015483659659e-04, +2.7626025823933e-03
-1.1769280403432e-02, -6.3237477900246e-04, +2.6789239567422e-03
-1.1793822733143e-02, -6.2664055498871e-04, +2.6036575039039e-03
-1.1805428850576e-02, -6.2357720327697e-04, +2.5278534754051e-03
-1.1821442153845e-02, -6.2244918727639e-04, +2.4541267426276e-03
-1.1832430185476e-02, -6.2360391312097e-04, +2.3762748737390e-03
-1.1849678282544e-02, -6.2392195733243e-04, +2.2955975023547e-03
-1.1865572282074e-02, -6.2951038351872e-04, +2.2110684214131e-03
-1.1748257697094e-02, -6.1134208018651e-04, +2.8940768042706e-03
-1.1759274287083e-02, -6.2654922308806e-04, +2.8347984679685e-03
-1.1802213250715e-02, -6.0942577844074e-04, +2.7391171307630e-03
-1.1816229245081e-02, -6.0846256732103e-04, +2.6668599989585e-03
-1.1829736396381e-02, -6.0480720668366e-04, +2.5912431879117e-03
-1.1844747793251e-02, -6.0747397978300e-04, +2.5007672785175e-03
-1.1864507249187e-02, -6.1016729245715e-04, +2.4208162270884e-03
-1.1856983337125e-02, -6.1360265759101e-04, +2.3615886747464e-03
-1.1639674528151e-02, -5.8073436424575e-04, +2.8772327779914e-03
-1.1739735193266e-02, -6.2852372878335e-04, +3.0369673187921e-03
-1.1793633121394e-02, -6.0726692898901e-04, +2.9558579168746e-03
-1.1814587724321e-02, -5.8898363868273e-04, +2.8613760841721e-03
-1.1828601523091e-02, -5.9065367874566e-04, +2.7925197582780e-03
-1.1845374790927e-02, -5.8472643307487e-04, +2.7250229092342e-03
-1.1845735860332e-02, -5.8168779334809e-04, +2.6211587414107e-03
-1.1860044017422e-02, -5.8504968881687e-04, +2.4806966700411e-03
-1.1753032039076e-02, -6.4473840245795e-04, +3.2683236166595e-03
-1.1731259779386e-02, -6.1624672906086e-04, +3.1953396234888e-03
-1.1784508015759e-02, -5.7355286954324e-04, +3.0774481687619e-03
-1.1826248718747e-02, -5.7405829337189e-04, +2.9936684015338e-03
-1.1839157349849e-02, -5.7035939325723e-04, +2.9204314267533e-03
-1.1852154230488e-02, -5.6501598278589e-04, +2.8132983427575e-03
-1.1856764436211e-02, -5.6380699535137e-04, +2.7069600069105e-03
-1.1869543416155e-02, -5.5858800936752e-04, +2.6435617223117e-03
-2.0657186310715e-02, +1.8964086092515e-02, -1.1033066684156e-02
-1.1844731486222e-02, -6.8536260988520e-04, +3.4292085397018e-03
-1.1642901691245e-02, -5.9147569811906e-04, +3.2558776326274e-03
-3.1839020655871e-02, +2.5155676402095e-02, -7.6156303097357e-02
-3.3309648908045e-02, +2.7430275852672e-03, -6.1355755716893e-02
-1.1840307684442e-02, -5.3739210007159e-04, +3.0522961128506e-03
-1.1881953416701e-02, -5.2379221320225e-04, +2.9747669434158e-03
-1.1878882740991e-02, -5.3655376669600e-04, +2.9088693204258e-03
-1.8376116324550e-02, +2.5327908301983e-02, -4.8381000445188e-03
-2.5951891961609e-02, -1.5659289646858e-03, -1.1122948545963e-03
+4.2044618199556e-01, -3.0146748883681e-02, -2.7610540550256e-01
+5.4484558525968e-02, +1.1634570551465e-02, -9.2058959770895e-02
+4.2269170271755e-01, +3.0584390753002e-02, -2.7746906427058e-01
-3.2976259102443e-02, -1.0581095799857e-02, -1.6650881638887e-03
-2.6595085838562e-02, -1.0550839411737e-02, +1.6742618559418e-02
+2.7096626406648e-02, +7.3141428314350e-03, +1.1593395851726e-02
-1.1908327409189e-02, -5.9394535658631e-04, +2.3973899272774e-03
-1.1923808151120e-02, -5.9523226881861e-04, +2.3106582441618e-03
-1.1937517738835e-02, -5.9757153726870e-04, +2.2404002393367e-03
-1.1953795741514e-02, -6.0311468590439e-04, +2.1609151450543e-03
-1.1973813454182e-02, -6.0373547141176e-04, +2.0790461832373e-03
-1.1987384058842e-02, -6.0335077552918e-04, +2.0030179959818e-03
-1.2009965466851e-02, -6.0730836521651e-04, +1.9228884695188e-03
-1.2017758694328e-02, -6.0310367468533e-04, +1.8410475493372e-03
-1.1910868256409e-02, -5.8445071597799e-04, +2.5301924028929e-03
-1.1932404282812e-02, -5.7847829886298e-04, +2.4520905518961e-03
-1.1955499302601e-02, -5.8551046355291e-04, +2.3721774120128e-03
-1.1968669907487e-02, -5.8507647122259e-04, +2.2936713926223e-03
-1.1982214575953e-02, -5.8778998314283e-04, +2.2185716644439e-03
-1.1998793660158e-02, -5.8530770218982e-04, +2.1411183564962e-03
-1.2012087569564e-02, -5.8908337136710e-04, +2.0605078165567e-03
-1.2030274034095e-02, -5.8389329882396e-04, +1.9747502925189e-03
-1.1906609101246e-02, -5.7816203332251e-04, +2.7351983513285e-03
-1.1918314340589e-02, -5.8476414499100e-04, +2.6676262953237e-03
-1.1947852488965e-02, -5.7253647088879e-04, +2.5852400426634e-03
-1.1959092774951e-02, -5.7082775594358e-04, +2.5105824540671e-03
-1.1980587283239e-02, -5.6747632159744e-04, +2.4325169000577e-03
-1.1996844968787e-02, -5.6669081476277e-04, +2.3591555205506e-03
-1.2011485554507e-02, -5.6842924752009e-04, +2.2793715899285e-03
-1.2026960173525e-02, -5.6714650781261e-04, +2.1874206602241e-03
-1.1924869405250e-02, -5.6593566493486e-04, +2.8516090366543e-03
-1.1926654376073e-02, -5.6215624203955e-04, +2.7713991818619e-03
-1.1949147054442e-02, -5.5960240583263e-04, +2.7155481920979e-03
-1.1975387555628e-02, -5.5298927273754e-04, +2.6491151312644e-03
-1.1994629976607e-02, -5.4982430322268e-04, +2.5674390501797e-03
-1.2009692226122e-02, -5.4503110638584e-04, +2.4915618092872e-03
-1.2022827733722e-02, -5.4896622484165e-04, +2.4050527008677e-03
-1.2024059518080e-02, -5.5924942127717e-04, +2.3128345840618e-03
-1.1778291084841e-02, +1.8574172400591e-05, +3.4030671410917e-03
-1.1928708301588e-02, -5.2604867853808e-04, +2.9877393639104e-03
-1.2007131510792e-02, -5.6982994283638e-04, +2.8892379023759e-03
-1.1966795023583e-02, -5.4514944936074e-04, +2.8479489462399e-03
-1.1993611380508e-02, -5.3068247117040e-04, +2.7777865015128e-03
-1.1999402000136e-02, -5.2507405783130e-04, +2.7076199847247e-03
-1.2021516374341e-02, -5.2703691402649e-04, +2.6151189948956e-03
-1.2029348968801e-02, -5.4432609939806e-04, +2.4905761002939e-03
-1.1926416672884e-02, -5.6092292903601e-04, +3.2544872049899e-03
-1.1809089219667e-02, -4.6862459059294e-04, +3.1785006084235e-03
-1.1989183556952e-02, -5.5399796431422e-04, +3.0437280462725e-03
-1.1977333718856e-02, -5.4323157022541e-04, +2.9729688828823e-03
-1.1982226774835e-02, -5.1586708235632e-04, +2.9109388883504e-03
-1.2013733178460e-02, -5.1582960674797e-04, +2.8160953392280e-03
-1.2036536180871e-02, -5.2462397835242e-04, +2.7029947181885e-03
-1.2068394918523e-02, -5.2482931311748e-04, +2.6620248320433e-03
-2.4110391483259e-02, +4.9378051402621e-02, -1.5531433555025e-03
-1.2103496520074e-02, -2.4649542031766e-04, +3.5370654108117e-03
-1.1939024947492e-02, -5.0235119304285e-04, +3.2588709040017e-03
-1.1828499913412e-02, -5.0084102344625e-04, +3.4182971948932e-03
-1.1972634495571e-02, -4.9948522300020e-04, +3.1150409483161e-03
-1.1992790108580e-02, -4.9911496136606e-04, +3.0306727724883e-03
-1.2021403722235e-02, -4.9596049621733e-04, +2.9300145663867e-03
-1.2054625594786e-02, -5.2867768360293e-04, +2.8739250426452e-03
-1.6382685916231e-02, +2.9690587696855e-02, +9.6930146111462e-03
-1.1116276130754e-02, +6.2603925642727e-05, +4.3178779690921e-03
-4.5846467498966e-02, -8.3229799264864e-03, +2.6077481775017e-03
+8.2615087487620e-02, -3.5028482709735e-02, -8.7025784912391e-02
+1.2296728068556e-01, +7.2436342115361e-03, -8.3342725242347e-02
-4.8512922374631e-02, -6.9019031488609e-03, -1.2570061014297e-02
-4.3678433301959e-02, -2.7859571750301e-02, +6.4816838528825e-03
-7.8295212816973e-02, +4.6453719495506e-02, -8.5222292361601e-02
-1.2079697268277e-02, -5.3107270134187e-04, +2.4159110888591e-03
-1.2096564246964e-02, -5.3139103331309e-04, +2.3386284387155e-03
-1.2115760513824e-02, -5.3589901367492e-04, +2.2633802889079e-03
-1.2129707114654e-02, -5.4166767524088e-04, +2.1819223925506e-03
-1.2143912157706e-02, -5.4588600111706e-04, +2.1002922514825e-03
-1.2165633362053e-02, -5.3958368715625e-04, +2.0215784363295e-03
-1.2192554868653e-02, -5.4874416096468e-04, +1.9572523699485e-03
-1.2218264656928e-02, -5.3066327660238e-04, +1.8650283531904e-03
-1.2093094217015e-02, -5.1106087894118e-04, +2.5520470141201e-03
-1.2104158047243e-02, -5.1678348242800e-04, +2.4732470992948e-03
-1.2125404023361e-02, -5.2252407950649e-04, +2.3964836900027e-03
-1.2144000997198e-02, -5.2390055160745e-04, +2.3186760187679e-03
-1.2158807597067e-02, -5.2266479568769e-04, +2.2419561657316e-03
-1.2177760210294e-02, -5.1960502707377e-04, +2.1578822698930e-03
-1.2197418937616e-02, -5.2472104181802e-04, +2.0735821120972e-03
-1.2218117646862e-02, -5.1836963683922e-04, +1.9990574849811e-03
-1.2104847089442e-02, -5.0767185669648e-04, +2.7549759791884e-03
-1.2098926387317e-02, -5.0934187752336e-04, +2.6939269431060e-03
-1.2116375233891e-02, -5.1002736805424e-04, +2.6146586996902e-03
-1.2133902450194e-02, -5.0455960179740e-04, +2.5358353761195e-03
-1.2158891648792e-02, -4.9893432203570e-04, +2.4555862950173e-03
-1.2171627340266e-02, -4.9777193732730e-04, +2.3826379825869e-03
-1.2197765234899e-02, -4.9779348617599e-04, +2.2943593283849e-03
-1.2223941202049e-02, -5.2380342573181e-04, +2.1895808294247e-03
-1.2054049647395e-02, -4.8636755336483e-04, +2.9617754515875e-03
-1.2120373043960e-02, -5.0428208776685e-04, +2.7975820696569e-03
-1.2137608075003e-02, -4.9310199152853e-04, +2.7331459763978e-03
-1.2154948550800e-02, -4.7327453071765e-04, +2.6628003311082e-03
-1.2171040439024e-02, -4.7202216122194e-04, +2.5898898274052e-03
-1.2194104055282e-02, -4.7317232713790e-04, +2.5080994166311e-03
-1.2185627706993e-02, -4.9619439875059e-04, +2.3986483178483e-03
-1.2279249628508e-02, -5.8446222220305e-04, +2.3804600927659e-03
-1.1719347600089e-02, -5.0870884081781e-04, +3.1914394390702e-03
-1.2287183038920e-02, +3.7195513747892e-04, +1.9643858963216e-03
-1.2141247881140e-02, -4.9327521596258e-04, +2.9174395410568e-03
-1.2184738766415e-02, -4.5882363233095e-04, +2.8458499492444e-03
-1.2137547613186e-02, -4.5527811286128e-04, +2.8127684948428e-03
-1.2198812423417e-02, -4.3609581968055e-04, +2.7199421934372e-03
-1.2192011785501e-02, -4.6560251704694e-04, +2.5938758400158e-03
-1.2129842646178e-02, -6.0621083928199e-04, +2.7618130357145e-03
-1.1709877649259e-02, -3.5730822365105e-04, +3.4276511908461e-03
-1.1783001421975e-02, -7.7889483217099e-04, +3.5617322390706e-03
-1.0961929544483e-02, +8.6497240736038e-04, +4.6222467850990e-03
-1.2111915210078e-02, -4.7389326041404e-04, +3.0280750825768e-03
-1.2404628419127e-02, -5.5694796024635e-04, +3.1172371560120e-03
-1.2167698154455e-02, -4.5556491097913e-04, +2.8253156765104e-03
-1.2104355255986e-02, -5.6041274134655e-04, +2.6607947172152e-03
-1.2161286189661e-02, -4.7420014448132e-04, -1.2952071018977e-03
-2.7845077480371e-02, +7.6847426028928e-02, -8.5492713368053e-04
-1.2620029276580e-02, -3.2470884706824e-04, +3.9993624611854e-03
-1.1800626503235e-02, -5.2732526720796e-04, +3.9435369677154e-03
-1.0478703837930e-02, -7.6809969181841e-03, +1.6281443409216e-03
+3.9381317077957e-02, +1.6097481684531e-02, -2.5035553636947e-02
-1.2097225790915e-02, -6.1059249783345e-04, +2.9460113704283e-03
-1.2081114694738e-02, -5.8819602820877e-04, +2.8572319062263e-03
-1.8743717212082e-01, +3.9297640645218e-02, -4.3024892718606e-02
-3.4006511476867e-02, +9.1546806675556e-02, -1.2662043370791e-02
+2.9027513348311e-01, -1.4629510763202e-01, -7.9503661212133e-02
-1.1187702002548e-02, -3.8175770171011e-03, +5.0954075517456e-03
+1.2412575314154e-01, +8.6522173789056e-03, -8.4754843878565e-02
+3.9178288483340e-02, +1.6102049628669e-02, -2.3421332103662e-02
+2.8592822296283e-01, +9.3447578114812e-02, -1.0156814640917e-01
-7.5910093888311e-02, +1.4504960684689e-01, +3.4372131378081e-02
-8.5341451354337e-02, +2.4808376564529e-02, -7.3590761324053e-02
-1.2278032529065e-02, -4.7253263620213e-04, +2.3830168765995e-03
-1.2247390795634e-02, -4.7632491583783e-04, +2.3287812475654e-03
-1.2254033659618e-02, -4.7798757148811e-04, +2.2474082082689e-03
-1.2287074762540e-02, -4.9070633856101e-04, +2.1709629954823e-03
-1.2304509445219e-02, -4.9336936939234e-04, +2.1020264570307e-03
-1.2324450069807e-02, -4.9801748352004e-04, +2.0141508980264e-03
-1.2346593727719e-02, -5.0571917107554e-04, +1.9443870183840e-03
-1.2366096016513e-02, -5.0187045317817e-04, +1.8644172052097e-03
-1.2252792752263e-02, -4.5438303328708e-04, +2.5230198937525e-03
-1.2254983469606e-02, -4.5023296168433e-04, +2.4600129307656e-03
-1.2277814708923e-02, -4.6981077297494e-04, +2.3866223610737e-03
-1.2297180611970e-02, -4.7219439259768e-04, +2.2995568120961e-03
-1.2315784680522e-02, -4.6936402971816e-04, +2.2227432624419e-03
-1.2335851181569e-02, -4.7015408057782e-04, +2.1408864758568e-03
-1.2358927767181e-02, -4.7152271379464e-04, +2.0641356943560e-03
-1.2394223042307e-02, -4.5375690909599e-04, +1.9822038428210e-03
-1.2327554827946e-02, -3.4899682805696e-04, +3.0598332111447e-03
-1.2265163560460e-02, -4.5463738261051e-04, +2.6727984380172e-03
-1.2261549877594e-02, -4.5522104905343e-04, +2.5974820087360e-03
-1.2282984323872e-02, -4.5987763454439e-04, +2.5152547808715e-03
-1.2312452491096e-02, -4.4943093153285e-04, +2.4419725082509e-03
-1.2334384799553e-02, -4.4272160036244e-04, +2.3618933165973e-03
-1.2361744165914e-02, -4.5717860863997e-04, +2.2929898019132e-03
-1.2376491804227e-02, -4.0876440058255e-04, +2.1982113369759e-03
-1.2269090474491e-02, -2.9172504590817e-04, +2.8917262866460e-03
-1.2437592508883e-02, -3.5942391204911e-04, +2.8939871094046e-03
-1.2268576041650e-02, -4.3764311430150e-04, +2.7347544291982e-03
-1.2313625302980e-02, -4.2616380909362e-04, +2.6560292084561e-03
-1.2336653033898e-02, -4.1078453563364e-04, +2.5800083396311e-03
-1.2338272989028e-02, -4.1454618178490e-04, +2.4961778225178e-03
-1.2391394461822e-02, -3.8916260693858e-04, +2.4006011133688e-03
-1.2426607527713e-02, -6.8080119763243e-04, +2.3802378407320e-03
-1.0345419918765e-01, -1.6525793879507e-01, +4.0866113172126e-03
-1.2121319960139e-02, -5.6286349929547e-04, +2.9242318434099e-03
-1.1829971201003e-02, -1.6904549108867e-04, +2.8363069062204e-03
-1.2337198395677e-02, -4.0001029364656e-04, +2.8530251647009e-03
-1.2356873037591e-02, -3.9493227533314e-04, +2.7789784289915e-03
-1.2365129124911e-02, -3.8026011418632e-04, +2.6895888497591e-03
-1.2352869797244e-02, -4.1247832962285e-04, +2.7242469576359e-03
-1.2355022127512e-02, -4.8185947596367e-04, +2.4763743164168e-03
-1.2174328475374e-02, -3.5553943170409e-04, +3.1690439351647e-03
-1.2058757006059e-02, -3.8599770554124e-04, +3.2239402824297e-03
-1.1819931415238e-02, -5.9981442572220e-04, +2.9801704506143e-03
-1.2409372387551e-02, -3.6466839300935e-04, +2.9754024965165e-03
-1.2357672260514e-02, -6.7702802130682e-04, +3.2041746187743e-03
-1.2238593684766e-02, -8.3457229380812e-04, +3.2282631552361e-03
-1.2255825123271e-02, -4.6245947190095e-04, +2.6661744968946e-03
-2.8967452376885e-02, -1.0913264354945e-02, -3.7188944269985e-03
-9.3799794316903e-02, -2.0962571374826e-01, +1.6503460522919e-03
-1.1926338174412e-02, +2.7194779437046e-04, +2.6023979845682e-03
-1.2774479942686e-02, +3.5046012283896e-04, +3.8555005943416e-03
-1.3065177132081e-02, -1.4339542585928e-04, +3.1291852284521e-03
-1.7803809802864e-02, -4.5155767921209e-03, +6.5446310087895e-03
-1.9847929658078e-02, +7.3584577941764e-04, -5.5016884864819e-04
-1.2214231911837e-02, -4.7113664389730e-04, +2.7624425610201e-03
-1.2672780549557e-02, -8.0745674186299e-04, +2.5929565704999e-03
+7.4127810407906e-02, -4.2988824521036e-01, -4.3152670632944e-03
-1.5268083918731e-02, -1.9564304753026e-03, +4.8759784593762e-03
+1.9183309906410e-01, -5.5609256842467e-02, +3.3964236373874e-02
+1.7932298289073e-01, -6.1737908024485e-02, +3.1693817456728e-02
+1.6688943925006e-01, +7.1710832559970e-02, +5.7261783065763e-02
+1.7256061513222e-01, +6.1504928394115e-02, +6.0989618861532e-02
-1.1848431419091e-02, -1.2592234371424e-03, +2.7434925122507e-03
-1.5170894831018e-01, +3.5307032044068e-01, +2.2930892010422e-02
-1.2388620338336e-02, -4.3107074178258e-04, +2.4115535412135e-03
-1.2411285326560e-02, -4.1785251217569e-04, +2.3601540517965e-03
-1.2440276660994e-02, -4.2083053610859e-04, +2.2804197427037e-03
-1.2451761010877e-02, -4.2199216485180e-04, +2.2002499761225e-03
-1.2486294706722e-02, -4.2252005451039e-04, +2.1140624889500e-03
-1.2514623423707e-02, -4.2446127391906e-04, +2.0345576105900e-03
-1.2525972891916e-02, -4.4570620038773e-04, +1.9669151996927e-03
-1.2566026201007e-02, -4.5640959570005e-04, +1.8914074916095e-03
-1.2397513038946e-02, -3.9288835515578e-04, +2.5599815736613e-03
-1.2428035034685e-02, -3.9580255481265e-04, +2.5005937316407e-03
-1.2449554191114e-02, -4.0171326992911e-04, +2.4094942535591e-03
-1.2475114309420e-02, -3.9749205989686e-04, +2.3381001590816e-03
-1.2501684685974e-02, -3.9562020399212e-04, +2.2542262036851e-03
-1.2508517948987e-02, -4.0197592065463e-04, +2.1830435609401e-03
-1.2575936590175e-02, -4.2499669728461e-04, +2.1137672691349e-03
-1.2594566225658e-02, -4.1965540472903e-04, +2.0278307850637e-03
-1.2374475975663e-02, -3.7942506095593e-04, +2.7858843276794e-03
-1.2399614312360e-02, -3.7198518498985e-04, +2.7113674756829e-03
-1.2429605892467e-02, -3.8004169222565e-04, +2.6321913241669e-03
-1.2470804400699e-02, -3.7678049151428e-04, +2.5547678311728e-03
-1.2497635521532e-02, -3.6614082500148e-04, +2.4784350271997e-03
-1.2502643996997e-02, -3.7066298874462e-04, +2.4025474865341e-03
-1.2557625326412e-02, -3.9830674624742e-04, +2.3356014808454e-03
-1.2684369757016e-02, -5.2489391773978e-04, +2.1768979956216e-03
-1.2415476213160e-02, -1.6010252574147e-04, +3.0794988527099e-03
-1.2511888546248e-02, -2.3778072263352e-04, +2.9682972795482e-03
-1.2445459353463e-02, -3.5374671456018e-04, +2.7764818412663e-03
-1.2511989110712e-02, -3.3246710999908e-04, +2.6746534289560e-03
-1.2512139517157e-02, -3.3436953311631e-04, +2.5967700910453e-03
-1.2514136805020e-02, -3.1512629763548e-04, +2.5222487602911e-03
-1.2837703090349e-02, -4.7404683654949e-04, +2.3037868189399e-03
-1.2736931654629e-02, -5.7997092276337e-04, +2.4862708455027e-03
-1.2697962456437e-02, -4.7797291300718e-04, +3.2917922574104e-03
-1.2896026283509e-02, -4.5383334360640e-04, +3.0979873871581e-03
-1.2942513165817e-02, -3.9791432480865e-04, +2.7776366792445e-03
-1.2800526184662e-02, -3.6634043033339e-04, +2.7809682915919e-03
-1.2883030718854e-02, -3.3164621103483e-04, +2.9779274574115e-03
-1.2588411896324e-02, -3.4537192521179e-04, +2.7059628429229e-03
-1.2869219216613e-02, -4.5039533728101e-04, +2.3418457462272e-03
-1.2642244660054e-02, -3.7948804843973e-04, +2.4230859064629e-03
-1.2822236100318e-02, -5.0071295610232e-04, +3.2801840470067e-03
-1.2518723237074e-02, -3.5013211491691e-04, +2.8776489022824e-03
-1.2892675487743e-02, -4.8976786367487e-04, +2.5508550294475e-03
-1.2717510683584e-02, -7.8689885296207e-04, +3.0754730451357e-03
-1.2840839450548e-02, -8.5274138966852e-04, +3.0784833364611e-03
-1.3066840330643e-02, -7.5350071248136e-04, +2.4171947520589e-03
-1.2885917752439e-02, -7.7336508135232e-04, +2.3505045329550e-03
-1.2797259179669e-02, -9.9461134652309e-04, +2.5496261593644e-03
-1.0993943525763e-02, +7.1210763345914e-04, +4.4463453765393e-03
-1.4033162923724e-02, +7.0430365114450e-04, +3.3932436349172e-03
-1.2942314444521e-02, +8.6593469261575e-04, +3.2716173900629e-03
-1.2425467072567e-02, +1.7291431206030e-04, +3.7174751918965e-03
-1.2433423044961e-02, +1.3292123123217e-04, +2.3131840354426e-03
-1.3094709228887e-02, -3.4154997980636e-04, +2.0670902508018e-03
-1.0695943285896e-02, -2.0632993453851e-03, +2.1338455832801e-03
-9.7438445314781e-03, -4.1292267428069e-03, +3.9706344234660e-03
+7.6469232342030e-02, -3.7343972890280e-02, +6.1821100447345e-02
+1.4481720464694e-01, +2.8481349385704e-02, +9.3048136441784e-02
+2.6230515774445e-01, +2.9281968576536e-03, +8.2947634499707e-02
+7.2249574591578e-02, +4.4704366669085e-03, +1.4473857821767e-02
+1.9626148325805e-01, -1.4344452736220e-02, +9.3646151667810e-02
+2.1142451531093e-01, -1.3477402346989e-02, +9.2069725625961e-02
-1.1272724149508e-02, -5.0042991331282e-03, +1.9858065213782e-03
-9.5640747530549e-03, -3.2256212595626e-03, +2.2978460260152e-03
-1.2561066821868e-02, -3.6042345367153e-04, +2.3829649440006e-03
-1.2572528828327e-02, -3.5037904533397e-04, +2.3081061450806e-03
-1.2591677623313e-02, -3.6800908333369e-04, +2.2457081631477e-03
-1.2621120940564e-02, -3.6662160906517e-04, +2.1787709439213e-03
-1.2641689792995e-02, -3.6725789138440e-04, +2.0951291766310e-03
-1.2666873292537e-02, -3.6702603957985e-04, +2.0220350059772e-03
-1.2681768231585e-02, -3.9067949236791e-04, +1.9499391268114e-03
-1.2693424852678e-02, -4.0206310106132e-04, +1.8710621747042e-03
-1.2569142940538e-02, -3.4311488206208e-04, +2.5256364876796e-03
-1.2585682253342e-02, -3.2259735428575e-04, +2.4557935785016e-03
-1.2607147053315e-02, -3.4822028679306e-04, +2.3974139667582e-03
-1.2634281950863e-02, -3.4247329437250e-04, +2.3232571842645e-03
-1.2659642715876e-02, -3.4404214927012e-04, +2.2396346205154e-03
-1.2674426968050e-02, -3.5416182494095e-04, +2.1664323608625e-03
-1.2690251014092e-02, -3.7541112395671e-04, +2.0943648106388e-03
-1.2727950080208e-02, -4.1333679350857e-04, +2.0484381654520e-03
-1.2541722662595e-02, -3.0341733585159e-04, +2.7643387902307e-03
-1.2566167226061e-02, -3.0892185835463e-04, +2.6785008137579e-03
-1.2581447943351e-02, -3.1608486040409e-04, +2.6201640429110e-03
-1.2625125484527e-02, -3.2321687625008e-04, +2.5405837562581e-03
-1.2649770281289e-02, -3.1779439105446e-04, +2.4554753260661e-03
-1.2660130875490e-02, -3.1932809575920e-04, +2.3839676367337e-03
-1.2671284638725e-02, -3.1921856213327e-04, +2.3074218599371e-03
-1.2761595194244e-02, -3.8271333039681e-04, +2.3020486963416e-03
-1.2553448325967e-02, -2.9777073915697e-04, +2.9293993304901e-03
-1.2528285817569e-02, -2.5066341601870e-04, +2.9432702638318e-03
-1.2601826378890e-02, -2.8603964363236e-04, +2.7956329795863e-03
-1.2648810222521e-02, -3.0308333241478e-04, +2.6651448976086e-03
-1.2709178644250e-02, -2.5201958273887e-04, +2.6727149017496e-03
-1.2673868883207e-02, -3.1919027698816e-04, +2.5655136390067e-03
-1.2722791764780e-02, -2.9989324504207e-04, +2.4929146452551e-03
-1.2995851977387e-02, -3.8451823202032e-04, +2.2496189750597e-03
-1.2583323116985e-02, -2.0218223689847e-04, +3.3692874768459e-03
-1.2669308242361e-02, -3.1830112756696e-04, +3.1835506647539e-03
-1.2823293084408e-02, -3.0502330856700e-04, +3.0318435196692e-03
-1.2637645106932e-02, -2.5325994922552e-04, +3.0178404739385e-03
-1.2637837566770e-02, -2.2488799336957e-04, +2.7462835819999e-03
-1.2877578391003e-02, -2.4669323250124e-04, +2.7081574836411e-03
-1.2700111058182e-02, -2.1782558911871e-04, +2.5744386079598e-03
-1.2802809774042e-02, -3.6541828587115e-04, +2.2732709832937e-03
-1.2754024843038e-02, -1.8205073753328e-04, +3.4861432623643e-03
-1.2572432063488e-02, -2.0330753426750e-04, +2.9547625769495e-03
-1.2537754510018e-02, -1.2216326476469e-04, +3.0509729189847e-03
-1.3221341353729e-02, +1.5102397651437e-04, +3.0702178353645e-03
-1.2568047275381e-02, -6.0493367689803e-05, +2.4803392648467e-03
-1.2897675472207e-02, -7.0429040133569e-04, +2.4197866959673e-03
-1.2773453689153e-02, -7.0353680473908e-04, +2.4456748570669e-03
-1.2527862243893e-02, -7.9311855711456e-04, +2.4600120886456e-03
-1.2229057853514e-02, +1.2328965847242e-05, +1.4309552297933e-03
-1.2960719436040e-02, -2.9982780472680e-04, +3.7714860863354e-03
-1.2523031136451e-02, -2.0593057362446e-04, +2.9767487278905e-03
-1.2876453498017e-02, -1.6151811190500e-04, +2.7419581617857e-03
-2.0647413154006e-02, -2.2113187075233e-03, +2.7611276966365e-03
-1.2798917108131e-02, -3.2277627124689e-04, +2.8672276461462e-03
-1.2733942371482e-02, -7.7129857164021e-04, +2.0023196140845e-03
-1.2384338570769e-02, -1.5233851193452e-03, +1.6030497093304e-03
-1.3897112925682e-02, -8.3117894473427e-04, +3.9784403585253e-03
-1.2886868568740e-02, -2.7234294565572e-04, +3.2265245924239e-03
-1.2930409810594e-02, -1.2229747235831e-04, +3.3392430384937e-03
-1.5686387552327e-02, -1.0243908802869e-03, +4.7250872502530e-03
-1.1464189778119e-02, -2.0594273937201e-04, +1.6876718892716e-03
-1.3003711951979e-02, -1.0294906622747e-03, +1.4220398333957e-03
-1.2266343806999e-02, -1.1487237950469e-03, +2.1524166123737e-03
-1.1943392998410e-02, -1.2804308145765e-03, +8.3691496077980e-04
-1.2745200650657e-02, -2.8223831837548e-04, +2.4182067249877e-03
-1.2767531031222e-02, -2.8276371735913e-04, +2.3348210010391e-03
-1.2783327736990e-02, -2.9541207853745e-04, +2.2705321544975e-03
-1.2808835385165e-02, -2.9392576385661e-04, +2.2017038408728e-03
-1.2830159107559e-02, -2.9579848719451e-04, +2.1249527538724e-03
-1.2845557967932e-02, -2.9645408013727e-04, +2.0525377612760e-03
-1.2862809243337e-02, -3.3144902293567e-04, +1.9695007882719e-03
-1.2881158122454e-02, -3.5034649485692e-04, +1.8887766807167e-03
-1.2745548508897e-02, -2.5948551225556e-04, +2.5569661518778e-03
-1.2784795653007e-02, -2.6976126074359e-04, +2.4724471222634e-03
-1.2793457151852e-02, -2.6792528829654e-04, +2.4268624753051e-03
-1.2822003670245e-02, -2.7361779233983e-04, +2.3330964927545e-03
-1.2838627577530e-02, -2.7480032786942e-04, +2.2600945088131e-03
-1.2844648359691e-02, -2.7302383035816e-04, +2.2008890737574e-03
-1.2882646728455e-02, -3.1470496353220e-04, +2.1171356958505e-03
-1.2825857209518e-02, -4.3041626906663e-04, +2.1260294574911e-03
-1.2728530480917e-02, -2.3144867552012e-04, +2.7868807712384e-03
-1.2747528079213e-02, -2.3612884354225e-04, +2.7035152409144e-03
-1.2797420744391e-02, -2.4137931487528e-04, +2.6201713252278e-03
-1.2818657936367e-02, -2.4595018622321e-04, +2.5382823353179e-03
-1.2842485848976e-02, -2.6376808870389e-04, +2.4583602799514e-03
-1.2810359679262e-02, -2.2965097028434e-04, +2.4471484780641e-03
-1.2817276125328e-02, -3.3173825600040e-04, +2.3937575723567e-03
-1.2829153108479e-02, -4.0470004711753e-04, +2.4104962261012e-03
-1.2793430762581e-02, -2.4750518719883e-04, +2.9904724348497e-03
-1.2846436169627e-02, -1.6444533754631e-04, +2.8660654015957e-03
-1.2831869345252e-02, -2.0923528309363e-04, +2.7942928393459e-03
-1.2761909112622e-02, -2.8903632294511e-04, +2.6065147458636e-03
-1.2081510880543e-02, -5.1968399283064e-05, +2.3059377825319e-03
-1.2833786108773e-02, -1.4462928096933e-04, +2.5991767404603e-03
-1.2954592365830e-02, -1.8156586028895e-04, +2.0169358392563e-03
-1.2865509659002e-02, +2.1907894244948e-04, +1.2502429510801e-03
-1.2874056220409e-02, -2.0286231186360e-06, +3.1683653772062e-03
-1.3010597451364e-02, +3.3251053246120e-06, +2.9764426587513e-03
-1.3137724392545e-02, -2.5682569485368e-04, +2.7544017016823e-03
-1.3128973172990e-02, +2.4634050880362e-04, +3.0835481599223e-03
-1.2588477567060e-02, -4.8171713735925e-04, +2.7261986461325e-03
-1.2949274371023e-02, -1.8874058723418e-05, +2.4019561252444e-03
-1.2638067157950e-02, -1.1283238025903e-04, +2.6518726247825e-03
-1.2695050785142e-02, -4.0148851086685e-04, +2.1156452486289e-03
-1.2887505784791e-02, +3.5952071809036e-06, +3.2838288720593e-03
-1.2900526708745e-02, -2.4341293082551e-04, +2.8216958046970e-03
-1.6856610863998e-02, -2.7529297353229e-03, +6.9585233524462e-04
-1.2436687120276e-02, +7.9952956956648e-04, +1.9440463847237e-03
-1.2329739097343e-02, -1.1273275847869e-04, +2.4875743937128e-03
-1.2722336213058e-02, -1.1972057241290e-04, +2.1395691080452e-03
-1.2346991469895e-02, -5.8114539925324e-04, +2.3717115068558e-03
-1.2500007613636e-02, -5.5176072318740e-04, +2.2506243660382e-03
-1.3260212033436e-02, +8.9689206021497e-05, +3.8395301481580e-03
-1.3002742670733e-02, -2.4131508483825e-06, +3.2320801320947e-03
-1.1492135105408e-02, -6.5892335544895e-03, +1.8405429212961e-03
-1.5245438784097e-03, -3.9256183418118e-03, -1.9725506176423e-02
-1.0217750811444e-02, +3.1965539837745e-04, +7.3325482421368e-04
-1.1614019472700e-02, -2.8925036966107e-03, +1.9563691306134e-03
-1.2276017482262e-02, -9.8695829261688e-04, +2.1836594996333e-03
-1.1998344735496e-02, -6.0215313009743e-04, +1.1188894688079e-03
-1.3181038735496e-02, -3.3467332500857e-04, +3.1268265737115e-03
-1.2937498063206e-02, -4.2599365942176e-04, +3.1039064080588e-03
-1.5487435494850e-02, -1.8939223801523e-03, +3.8716358363978e-03
+1.2293663691755e-03, +2.2807878114874e-02, -4.8022600211422e-02
-9.9588285117689e-03, -1.2033506274501e-03, +1.9319048226682e-03
-1.2147646179217e-02, -3.2207974430680e-04, +2.1537802796256e-03
-1.2169469520267e-02, -7.1541772916588e-04, +1.8819265903884e-03
+6.1980484202454e-01, +1.3252440452556e-03, +2.3520264915601e-01
