-1.8709153529583e-03, +1.5353047750980e-02, -5.8205649654732e-05
+2.6002047072966e-03, +8.5617972024132e-03, -8.1566636395861e-03
+9.5501577305650e-03, +8.8247329680940e-03, -2.8544961515292e-04
+5.9171991481679e-03, +1.3936815987119e-02, -1.4291473994158e-03
+1.2439143979981e-03, +1.7767109424640e-02, -3.0326586198605e-03
+1.7405180420483e-03, +8.1345169860021e-03, -2.9817411041700e-03
+1.1865618016830e-03, +4.0352607214276e-03, -8.9414022693231e-03
+5.7305728168073e-03, +9.7709436845001e-03, +8.4385770106929e-04
+2.9863231622739e-03, +1.0398881010815e-02, +4.5886804255801e-03
+4.0507651521753e-03, +1.6011860873232e-02, -7.0031405743855e-04
+2.3848930224219e-03, +1.1410914945347e-02, -1.7646472328433e-03
+3.8899603873993e-03, +1.1105451529189e-02, -2.0660377932552e-03
+4.9245841531278e-03, +7.4419747572591e-03, -4.7288127333164e-04
+6.6572716458026e-03, +1.2586241813916e-02, -8.1345782289529e-04
+1.0825005345721e-02, +1.8193867537799e-02, -1.0903284263302e-03
+9.2196987924601e-03, +8.4246299987029e-03, -6.0581377648293e-03
+2.7808787721403e-03, +6.5039713938092e-03, -7.0438125916375e-03
-7.3987042369819e-04, +1.0029532404034e-02, +2.5635423064891e-03
+1.0115663863659e-02, +1.1723093601994e-02, -6.1921305089491e-03
+3.8197270745125e-03, +1.0816994819465e-02, +1.4232312755849e-03
+1.3359074335081e-03, +8.4938194455671e-03, -3.2800124519531e-03
+3.7298257497008e-03, +1.1278072281759e-02, -4.2526085003419e-03
+8.7793129315653e-03, +1.1277001765017e-02, -1.2317217587600e-03
+9.1805733681940e-03, +2.1475883398566e-03, +2.0212446146378e-03
+6.2822977096267e-03, +2.0404862069440e-03, -7.7114020229048e-03
-2.4982004211767e-04, +4.2240506509724e-03, -7.2891563068115e-03
+9.0641826329971e-03, +8.0540956120018e-03, -4.7531747767959e-04
+1.3330504020757e-03, +5.7676255073804e-03, -5.7355104050236e-03
+7.1556417508029e-03, +4.7423767050167e-03, +4.7689776471872e-03
+6.1004178412108e-03, +1.2412793407629e-02, -7.2071498234938e-05
+2.5846342002477e-03, +9.9572110404375e-03, -1.1424324684197e-03
-1.0737953016773e-03, +5.5588081950835e-03, +5.1998768037340e-03
-2.8814789342260e-01, -7.7068919679060e-02, -4.6899071188163e-02
+3.2773826901386e-03, +9.4822316763420e-03, +2.5006757139672e-02
+4.9425429632646e-03, +1.9660920501632e-02, +9.2362769595809e-03
-1.4677758958536e-03, +1.0861977757314e-02, -1.3317275601643e-02
+4.2470613729168e-03, +2.4299840252636e-02, -2.3004901755314e-03
-5.3205586491278e-03, +2.1898119575450e-02, -1.2100708078633e-03
+2.1070839988172e-02, +2.0558239448625e-02, -8.5876448496667e-03
+1.7798019553257e-02, +1.1655394912364e-02, -3.9923321835532e-03
-2.9775308121189e-01, -5.6504643048517e-02, +1.6311807446488e-01
+8.9065432509455e-03, -2.8681361242008e-02, -7.0158102667633e-02
+6.2919965626209e-02, -6.6811825658054e-02, -7.8285084872407e-03
-3.8592534387219e-02, -1.6850804000817e-02, +8.1714278886290e-03
+2.9649403356463e-02, -1.0495120426342e-02, +6.1770040706442e-03
-4.7700646972637e-02, -7.3664385443157e-02, -2.0757049021399e-02
+8.9117358845433e-05, +1.6889332573813e-02, +6.1827431688401e-03
+1.6949146623307e-02, +2.6842305202386e-03, -1.7181597549341e-02
-6.5596651562642e-01, +1.0388736530080e-01, +4.2004297114251e-01
+3.0151615420285e-02, +6.2382622376243e-02, +6.3511626047062e-02
+5.0550765576381e-01, +3.5231915980739e-01, -5.1290223765627e-01
-6.1777678558083e-01, -1.8912509068069e+00, -4.3840193250115e-01
-1.1249331961604e-02, +1.8622110688086e+00, -1.2934792756911e-01
+1.0647785366853e+00, -2.6578893917621e+00, +1.2689009923831e+00
+5.6034316966280e-01, -4.1006165187964e-01, +3.6758428083424e-01
+7.2575500066715e-02, -4.7292043570470e-03, +1.1607119485470e-01
-1.0010714289765e+00, -1.7570466180905e-01, +2.4103317039993e-01
-2.8602307490279e-01, -6.7810063827916e-03, +4.5214423896433e-01
-8.6932258584977e-01, -1.7731007576823e+00, -3.3677626619475e-01
-4.3506785410206e-01, +2.6217517147418e-01, +1.5779253640487e-01
+1.2081790083855e+00, +1.7479717060784e-01, -6.5936579059041e-01
+1.3757951439699e-01, -1.7506274875709e+00, +9.4864823144398e-01
+3.8509657134955e-01, -6.8551063499951e-01, -2.5647557074621e-01
+7.6910851598913e-01, -5.2071088802063e-01, -1.3238674201571e-01
+4.6207764738278e-03, +1.5119493292793e-02, -1.4264845412491e-03
+5.5949692769931e-03, +8.6513978188670e-04, +4.4989729368756e-03
+3.9533518369427e-03, +4.1816066364670e-03, +8.1883588640315e-04
+3.3492745989830e-03, +9.1078262154140e-04, -1.6144483500569e-03
+4.3659737807942e-03, +1.8425139063453e-04, -4.3423301016049e-03
+6.4118976220440e-03, +1.1861404522291e-02, -6.4891771978379e-03
+3.4141783433637e-03, +2.7719053978227e-03, -6.6934740541209e-03
-2.6265903138790e-03, -8.1002021095237e-04, +7.8846782131780e-03
+4.8689566048762e-03, +6.9859633616721e-03, +1.8640883921775e-03
+4.4942553595690e-03, +1.1789857873676e-02, -1.6273970031891e-03
+6.0149632042210e-03, +1.3422338451539e-02, -3.0238874919477e-03
+4.4964284070454e-03, +1.2242570618863e-02, +8.4072232521152e-04
+3.0427004798315e-03, +8.4213540565274e-03, +2.9409321341066e-03
-7.6264022475405e-04, +1.0424009656818e-02, +4.2810093021139e-03
+7.9847212541177e-03, +1.3777055324031e-02, +9.6042800265051e-04
-7.2949620744016e-03, +3.3600414408212e-03, -8.8554871896910e-03
+4.4154554191139e-03, +9.0226197218148e-03, +1.1915441985606e-02
+1.0384465842620e-02, +1.0836206966263e-02, -1.0193984971426e-02
+1.6142817086487e-03, +9.2455011426178e-03, -1.7513081969462e-03
+6.9577007123473e-03, +1.5550031153227e-02, -5.3712289031568e-05
+1.9922558041541e-04, +1.4341307657711e-02, -6.6749308763614e-03
+1.0782350441972e-03, +1.4347681302427e-02, -3.2455014022025e-03
+7.1848364673306e-03, +1.0067464911673e-02, -3.0837928000097e-03
+1.5902633766362e-04, +8.8968088755677e-03, -4.3272942767896e-03
+7.6808546643926e-03, +1.8973202342549e-02, -4.8751463698932e-03
+5.0398529780681e-03, +4.6708812444575e-03, -6.7060330263780e-05
-1.6137016359415e-03, +6.6377089396969e-03, -2.3923151395607e-03
+7.0580132742921e-03, +9.2997261956682e-03, +5.1581605883297e-04
+3.9334312215312e-03, +2.3311716903748e-03, +2.0396856106977e-03
-2.0744607527202e-03, +7.0872193432429e-03, +5.2180468232186e-03
+4.7763773290865e-03, +9.1821673235727e-03, +1.2954904158121e-04
+1.4681609487028e-02, +1.2601097581817e-03, -1.6345369055295e-02
+3.6832549600531e-02, +3.2821136625035e-02, +1.8580872041116e-03
+1.5072033609173e-02, +2.9042531936029e-02, +2.3152905666209e-03
-4.5381223139109e-03, +2.0159300178830e-02, -9.2582892434919e-04
+9.0359343354942e-03, +1.5129543889730e-02, +2.7890937883356e-03
+4.2125472334957e-03, +6.5090455516085e-03, -5.1647046361946e-04
+3.2581671990397e-04, +1.5080578017800e-02, -1.3433889003418e-03
+3.4148554147595e-03, +8.1097889690569e-03, -1.0980268398577e-02
-1.2572217503059e-02, +3.1313275204412e-02, +1.4678920325076e-02
+3.3842214926532e-02, +7.8711674705994e-03, -6.7892005712355e-04
-3.1402842408475e-03, +4.9313704171416e-03, -1.3526872896781e-02
-4.4773797033389e-02, +2.5277409583184e-02, -3.2286225768905e-02
+9.1773422347607e-03, +1.4264173317935e-02, -7.1675899423302e-03
+1.4569771879463e-02, +1.9774240305844e-02, +1.7172032083045e-03
+1.7934312159935e-02, +1.8888314508726e-02, -2.5395656332291e-03
-3.4026382351224e-02, +8.2267594562032e-03, +4.3827187854376e-03
+9.8069213515924e-03, +3.7881917275272e-02, +1.4893913002510e-02
-1.1626878146501e+00, -5.5150867870978e-01, +9.0079367602780e-01
+1.6558725569754e-02, +1.0164807840398e-01, -3.7344167882843e-02
+2.4031859740563e-02, -1.0252533928480e-01, +8.0135562926735e-02
-1.5103296846734e-03, -3.6630001842795e-01, -5.0570897806250e-01
+9.7654618433066e-01, -8.2442033414876e-01, -4.1636580372200e-01
-1.5707691282105e-01, +2.1908973947099e-02, +2.4045908621306e-02
+3.6274401444170e-02, +9.2854576619169e-02, -4.8232420568788e-02
-1.7848408128151e-01, -1.2895447619950e-02, -6.5902165188459e-02
-1.2189460513033e+00, -7.8080295768319e-02, +6.9806840745249e-01
+4.9214231375535e-02, -4.9475746009709e-01, +1.1526019089008e+00
+7.6026574973980e-03, -3.8059769111724e-02, +1.5577275868566e-02
+3.9694664378680e-04, -3.8157122574936e-02, +1.0192007229454e-03
-8.1395283705226e-03, -3.9266705818292e-02, -1.3475217992326e-02
+5.5526717763767e-01, -9.7021218764772e-01, -7.7564355143989e-01
+1.1401563196714e+00, -1.0563980772787e+00, -1.7199930069880e-01
+2.5140844842994e+00, -1.1475781809590e+00, +1.4695868480674e-01
-1.7232522009988e-02, +1.1843047725173e-02, -1.2218558480166e-02
+8.3487223537313e-03, +2.0772835833528e-02, +5.4553159757811e-03
+3.9326732409092e-03, +1.7771790240130e-03, +2.4328691797574e-03
+3.2612940919195e-03, +1.3654814656210e-02, -1.8307482374844e-04
+7.0090286028245e-03, +1.4473360772633e-02, -1.5089447190797e-03
+3.6724355877477e-03, -1.7306364132558e-03, -7.6676381585577e-04
-4.1428967399332e-04, +8.1598334009280e-03, -5.5566141872613e-03
+8.3680543480989e-03, -7.6750566090972e-04, -8.5393372143110e-03
+3.1015017516440e-03, +4.3436593188278e-03, -1.1826175448381e-02
+1.2148224269048e-02, +1.3480744891492e-02, -6.0763744005162e-03
+1.6281025128550e-04, +1.1683225326387e-02, -4.1787241389801e-03
+4.9689462282736e-03, +1.0744775926979e-02, -8.2411214868258e-04
+7.3470073833420e-03, +1.2913126034879e-02, -2.5072083435942e-03
+2.4891999888320e-03, +3.7148169995580e-03, +2.8278619336489e-03
+2.9333621477449e-03, +1.3149436869006e-02, +2.5513452926959e-03
+4.4143767543922e-04, +1.0117508349770e-02, +2.6228599656891e-03
-4.0430597109807e-03, -5.7810042014043e-03, +9.9773336475271e-03
-3.1477835024988e-03, +2.7121223783665e-02, +9.2260527625997e-03
+4.8868585029555e-04, +1.0988241913785e-02, -1.5938670990176e-03
+5.7929110451876e-03, +7.5639954830400e-03, -9.0174062698147e-06
+4.1661297100587e-03, +8.4652346473757e-03, +2.3681387762330e-03
+9.2664255238209e-03, +1.3559801837235e-02, -2.2759918586754e-03
+1.2857395413261e-03, +1.7960100968410e-02, -9.3306049868301e-03
+2.3374026532986e-03, +1.4248619426762e-02, +4.8760251921271e-03
+2.9571361736272e-02, +2.9769109247832e-02, -3.7137999136340e-03
+1.1902008188927e-02, +1.0607168280202e-02, -6.7447534393593e-03
+1.5111010830424e-02, +1.3912997344822e-02, -2.1190386815071e-02
+5.3807112240275e-03, +8.9167254671857e-03, -5.3099951874744e-03
+6.0467938061712e-03, +1.2345477443439e-02, -1.9040635915369e-03
+3.0769833876348e-03, +1.0206496931985e-02, -1.1715775407182e-02
+6.7903753432656e-03, +7.4639027204807e-03, +1.9037909846321e-03
-3.3250744874912e-03, +3.2235730332373e-04, +6.0253050073134e-03
+5.9800000410267e-02, -3.9352880144188e-02, +2.0549283877399e-02
-1.2860281470192e-03, -6.0800094834911e-03, +7.2439264481946e-03
-2.9467028679696e-02, -6.1944483317663e-04, +4.7707302626176e-02
+1.5346333175258e-03, +6.5574298860357e-03, +8.5067398602344e-03
+3.5841987167055e-03, +5.5189496762491e-03, +2.7183035091908e-04
+1.2291134789847e-02, +2.3371776340749e-02, -1.2230864005822e-02
+1.7067855197493e-02, +3.7028333566574e-03, -1.1319167197159e-03
-2.4233567935087e-02, +4.5231671427614e-02, -1.2576351979564e-02
-3.7382552122644e-02, +1.8175157355301e-02, +3.4785828794320e-02
+2.0813879292360e-02, +1.0302393702231e-01, -1.1667138230043e-01
+2.3986660901320e-02, +2.2550629796221e-02, -2.0948003594423e-02
+3.0485666718853e-03, +6.6319215549505e-03, +1.4170396256383e-02
+5.7114412823836e-03, +2.1947090776280e-02, -8.1613113944464e-03
-2.4434397259952e-02, +4.0542984255964e-03, +7.9111137851525e-03
-3.6385061656540e-02, +2.9163386975258e-02, +1.5864693327881e-02
+1.2047970291494e-01, -1.2226529578467e-01, +2.4396415514176e-02
-1.7846545519662e+00, -9.0765938212503e-01, +1.0867228860798e+00
+1.0119886681417e-01, -1.8266927485565e-01, +1.6641178229886e-01
-7.1946646221259e-02, +9.5946164841597e-03, -1.3200073998898e-03
+3.7428480985293e-02, -3.2117630646357e-01, +4.7178172167679e-01
-2.1724484876088e-02, +1.1432562808721e-02, -9.6131695872619e-03
+3.7609064259169e-02, +3.8960384629364e-02, +1.7606053730288e-02
-9.7187161442188e-03, -9.8496511635798e-03, +5.7571382080819e-03
+1.1627552160462e-01, -1.3574708195156e-02, -1.1565545320246e-02
-6.9125291398159e-01, -7.8553946759932e-03, +7.6742957162887e-01
+3.2714746963074e-02, -3.1521657716621e-02, +4.7162733704216e-01
+5.7341191663352e-01, -2.9856232176361e-01, +7.3254024630201e-01
+6.7631690980187e-03, -3.4961553556554e-02, +2.0084929965976e-02
-2.2652113031809e-02, -1.6674203454474e-01, -1.0325164537163e-01
-4.0711463264495e-03, -4.5807209389281e-01, -4.9051664644776e-01
+8.5049074566147e-01, -4.4825076895309e-01, +1.3184000939329e-02
+1.9850740147600e+00, -1.8955362589822e-01, +7.6302809972610e-01
+1.9062351240023e-02, +1.9340519521966e-02, -6.9714277745893e-03
+4.2610374025597e-03, +1.5670104177400e-02, -2.1737297632710e-02
+9.0429765973370e-03, +1.6113194771864e-02, +1.0363616015256e-02
-1.3933014555413e-03, +8.7047242859901e-03, -7.6326662044657e-03
+9.2403005921903e-03, +1.1274810487214e-02, -3.6267359655339e-03
-5.1894241635205e-03, +1.8722797123578e-02, -6.5921240053376e-04
+2.6372724304255e-04, -3.7873608056812e-03, -4.9470308002522e-03
+3.5022228349262e-02, +1.5090480934961e-02, -1.0656648195053e-02
-2.5699778401008e-03, +5.1742232609253e-03, +3.4680035027273e-02
+7.5395247737279e-03, +3.4258070623328e-03, -1.6422928522227e-03
+4.7847654340510e-03, +1.2287474942015e-02, -2.8000069239023e-03
+3.8954995797514e-03, +5.4989455509262e-03, +5.3342111170538e-03
+3.7013117193504e-03, +1.1250491612406e-02, -1.7204272958940e-03
+1.1568964785221e-02, -4.6236673018622e-03, -2.1568560003822e-03
+6.6354883808437e-03, +4.2273569933334e-03, +6.7012648173003e-03
-3.8182577804908e-02, -1.5296594441659e-02, -2.1359171759704e-02
+1.4939299617099e-02, -1.9684291118949e-02, -1.4594416453216e-01
+5.9509186452013e-04, +1.1618635845282e-02, -9.6825422528786e-03
+3.2588288175562e-03, +4.7771683252249e-03, +4.1897542931987e-03
+3.5589383648743e-03, +1.0385437735030e-02, -7.5103868504608e-03
+4.7072913071668e-03, -6.7718462460428e-04, +3.4068232621818e-03
+4.8958113265684e-03, +1.2290400721219e-02, -2.5416596450569e-03
-4.1618499422712e-03, +2.3546985378255e-02, -8.5952863437882e-05
+4.9212207505149e-02, +6.6590732615588e-02, -1.9481467802033e-02
-5.5661023294805e-02, +7.4251274551099e-02, +7.1457864928754e-02
+1.7320772055982e-02, +1.1957383089765e-02, -1.8274428736252e-02
+8.5133465465105e-05, +1.2732335101305e-02, +1.2133475686064e-02
+5.3254634572884e-03, +1.6493397659466e-02, -9.4352610073266e-03
-2.1712111619625e-03, +1.7020054315747e-02, -3.4474015968872e-03
-6.2714855393156e-04, +2.5230501255773e-02, +2.6667576868038e-04
-1.3437468514506e-02, +4.4298919231370e-02, -1.6034048228243e-02
+4.8702974857696e-02, +4.1346202387147e-02, +3.5903231260138e-02
-1.8771114063072e-01, +3.6132159206503e-01, +3.8204358553339e-01
+6.9877650894514e-02, -7.9235117798287e-02, -1.4594706473167e-01
+3.3712470995785e-02, -7.3020925068881e-03, -4.0004719772226e-02
-3.4976078480598e-03, +1.9919350043922e-03, +1.9092617811818e-02
+2.5638331716361e-02, +4.4234563457404e-03, -3.9607538673301e-02
-5.8939695169611e-03, +1.5326743534030e-02, +6.0954191896824e-02
+2.9170483113222e-02, -1.9502971782811e-02, -1.9591554740884e-03
+5.5855641104382e-03, +6.9402931496157e-02, -7.8988303734366e-03
+5.4200905721842e-02, -3.7748894291421e-02, -5.6878476026016e-02
-7.5676416226305e-02, -2.2696811321387e-02, -1.9529226805402e-02
+7.4048891130121e-02, +9.2692477031067e-02, -2.3252405188254e-01
+3.4635865312057e-02, +1.6198521939569e-02, -7.3232483955566e-02
-7.9078303575885e-02, +8.2530614823029e-02, +4.7093364258847e-03
+1.7116458647701e-01, +1.0389643445764e-02, -2.5482419139125e-01
+3.7426836861063e-02, +2.6262181868622e-01, +2.2490125973053e-01
+6.4853693652647e-01, +2.6223934362267e-01, -1.5712352579492e-01
-8.4396601443113e-01, -3.2672941049184e-01, +6.3907256515134e-01
-8.2289840457215e-02, -3.4501832049509e-02, +1.3239236928368e-01
-1.0682092407163e-01, -3.8960287549867e-02, +8.5996669682600e-02
+1.7264402750816e-01, +1.5842854899652e-01, +3.6698243797656e-01
+1.8756593932246e-02, +1.3538956946573e-01, -9.0147212315413e-02
+1.7480314171452e-01, +1.0487918581653e-02, -5.3658308412453e-02
-7.9821659142753e-02, +1.4279653290884e-01, +7.6776757915587e-03
-1.2315981267494e-01, -5.4185224713317e-01, -1.5055177881050e+00
+1.3082837475268e-01, +1.0766574278702e-01, +8.3697215447884e-01
-1.9461411733569e-03, -2.1218534946839e-02, +4.8328511719892e-03
+2.7689120256991e-01, +1.1817352111628e-01, +1.5844376072962e-01
-2.2119455422655e-02, +1.9898374060983e-02, -7.9956172277117e-02
-1.0281317383805e-01, +3.9290416366745e-03, +7.9180584247643e-02
-6.6551675976451e-04, -2.3509527869387e-02, -5.1518066075887e-03
-8.0898417690103e-01, -1.6936146457964e-02, -2.3958304868598e-01
+5.3930566480410e-01, -2.2511690446099e-01, -5.8520074599416e-03
+1.1442021003642e-02, +4.4187775332026e-03, -6.5274131262375e-02
+6.4367484829350e-03, -7.5145183801257e-03, -2.3606931710546e-02
+7.1764448503474e-03, +6.1284217053253e-05, -1.4986749118652e-02
-1.5945524592347e-03, +7.4308911799077e-03, +3.6297013913383e-03
+3.9605855715767e-04, -2.1544792389051e-03, -5.4161507001800e-03
+1.3714012200793e-02, +8.3763825321532e-03, +4.2514672086509e-03
+7.3808744784522e-03, -5.5817815210788e-03, -1.4551352212256e-02
+7.6223376320605e-03, +2.0248765831209e-02, -7.2787571169343e-04
+6.5471000601898e-03, +1.3379907393491e-02, +3.2543822831400e-02
+2.8407599921041e-04, +1.7429457938303e-02, +1.1562530845890e-02
+6.6718025446780e-03, +1.4465778297748e-02, -5.7812797800962e-03
-4.7744900003070e-03, +1.9182572867988e-02, +6.6812588876945e-04
+7.2503263351989e-03, +1.1425060690714e-02, -3.8262164226559e-03
+6.0883050517014e-03, +1.2754513175102e-02, +1.0239576921717e-03
+9.9490528135573e-03, +9.4160486895836e-03, +3.0556518829500e-03
-3.0103364465733e-02, +7.1559773893003e-03, +4.3222474283216e-03
+3.1726481116099e-02, +3.4097574863316e-02, +2.8748047331599e-01
+1.6360482985815e-02, +1.5983527179535e-03, -5.1002210475612e-03
+1.3989819804588e-03, +1.0658435149252e-02, +5.8609138428294e-03
+7.2434708718936e-03, +1.0670041525514e-02, -2.1981652628373e-03
+6.0193958964646e-03, +5.5886643997802e-03, +6.0883168571889e-04
+2.9839014168071e-03, +1.2292022215110e-02, -4.0206771211512e-03
+1.2742188224417e-04, +1.5271438643249e-02, +2.2468643609563e-04
+1.0556959067030e-02, +2.2239793705742e-02, -1.9807187183579e-02
-1.2930521342896e-02, +1.2015083966376e-02, -4.9612015804641e-02
+4.3095401270046e-03, -2.1369871429192e-02, +2.0754761623451e-02
+3.5472894841964e-03, +1.1799764741907e-02, -1.4593662084711e-03
+5.7686709993305e-03, +8.5983044641933e-03, -3.1404451241108e-03
+3.0317369064559e-03, +1.5675726800050e-02, -5.4429197615636e-04
+8.1287415233140e-03, +7.9487953964472e-03, +6.3342591942371e-03
-1.8837663698815e-02, -4.3382234475969e-02, +1.9398678555775e-02
+4.8016034492893e-02, +1.1503264455228e-02, -9.2949114879898e-02
+2.5252963262880e-03, -8.6244982369613e-06, +1.3111721975426e-02
+1.4293284109914e-01, -7.3689063247676e-03, +1.4131923538807e-01
-3.1106303144177e-02, -2.9135434876633e-03, -3.3695953193996e-02
-7.9986836729491e-03, +1.2821183281223e-02, +3.6763249118806e-03
+9.8616451271132e-03, +9.8505589848558e-04, +1.2105579807419e-02
+2.7218036270306e-03, -3.4499251786349e-03, -1.2731051416254e-02
-3.3080026657091e-02, -4.6475580853275e-02, -5.2491140037310e-03
-2.7464652788313e-02, -2.7064684376190e-02, +6.4556879885148e-02
-5.6847287485508e-01, +5.2421741806111e-01, +3.4673405127116e-01
-8.3128856776538e-03, +8.5552281520108e-02, +1.2110854098561e-01
-1.3473614576418e-02, +1.0835277784362e-01, -3.2024460661433e-02
+3.4840080514908e-02, +3.8145542156878e-02, -4.3798535199450e-03
-9.7265927733816e-02, -4.8842868169199e-02, -8.5148457569081e-03
-9.3195789380311e-02, +1.4091595508742e-01, +1.4902658083881e-01
+4.3464764487289e-02, +6.1348759174865e-02, -1.0037773897116e-01
-5.5827722813129e-01, +1.0574214479084e+00, +6.6231774601624e-01
+3.9968294706682e-03, +3.9989378927944e-03, +2.0917197526796e-02
+7.0717570405700e-01, -1.3603205871679e-01, -4.0858025509676e-01
-2.6759032875876e-03, +1.7213653298783e-01, +2.2929679261631e-02
-7.4768657512414e-02, +6.9306913318781e-01, +3.8663759891504e-01
-5.2798684836627e-01, +7.9686268771812e-01, -4.1118986985681e-01
-2.4209730300319e-01, +1.9269762698240e+00, +4.8632424017650e-01
-2.0951256190384e-02, +1.4722371864784e-02, -2.1004220757349e-02
-7.2575794496466e-01, +2.8727837226391e-01, +4.7757867883551e-01
-4.6957202051438e-03, -7.8994650051248e-04, +4.5478718873141e-02
-2.9306306019073e-01, -2.9543482734076e-01, +2.1872883733572e-01
-1.5766296007335e-01, +4.0193405070135e-02, +6.9287484391919e-01
-1.1555510752892e-01, +2.7457573371710e-03, +6.9676194345867e-01
+3.3916933782992e-01, +9.9411577477467e-03, -4.9569929205854e-01
+3.9102885694968e-01, +3.2269510545702e-02, -4.9964911960297e-01
-2.2474244380400e-02, -1.8595108973881e-01, -2.3750490417736e-01
-1.9431351288725e-03, +1.4726451184403e-02, -9.2194887480538e-02
-2.1645667907959e-02, +1.6435906213352e-03, -3.8780220255885e-03
-2.3252988493599e-03, +1.0144068323626e-02, +2.9633888385740e-03
+1.5133173090130e-04, +1.0342930259815e-02, +4.2232229975890e-03
+8.4195710266578e-03, +8.4199958676081e-03, +3.6317555626094e-03
+3.9150554450238e-03, +8.7735451731313e-03, -6.1338015788607e-03
+4.3259785933692e-03, +1.1304437317751e-02, -1.6244123818274e-03
-1.2867067317613e-03, +1.6789690207913e-02, +2.5737677947845e-03
+2.2135912849226e-03, +1.3991292817824e-02, -3.4238082563015e-03
+1.2486684010599e-02, +1.2874019482332e-02, -9.2966354874731e-03
+3.4511250027076e-03, +9.1228064529693e-03, -8.1859138295245e-03
+3.1465323017778e-03, +2.4975641731994e-03, -4.8529753027717e-03
+5.4925608183630e-03, +1.3232401073848e-02, -3.5850633385148e-03
+7.1768603525148e-03, +7.9382178538131e-03, -2.7399846727280e-03
+1.2025157572699e-03, +1.3926131054343e-02, +3.0639858202535e-03
+1.5378829312778e-02, -2.9449143802995e-03, -1.4061664753368e-03
-1.9424501195915e-03, +3.0292373475654e-04, +1.0809960720102e-02
-4.1664742393673e-03, +1.9593804089491e-02, -1.6661013372065e-02
+3.3178838962923e-03, +8.8582397038016e-03, +1.5259599094735e-02
+7.9387132988044e-03, +1.4790904031971e-02, +1.8758123846311e-03
+1.4198798821247e-03, +1.8698971797637e-02, +3.3789556132732e-03
+6.1331492411229e-03, +8.1458417670313e-03, -2.1100484818037e-03
+5.2472502927215e-03, +1.0028684149210e-02, +8.4399578227184e-03
+1.6939809566751e-02, +6.6711398700861e-03, -2.8669794560923e-03
-3.9662329415958e-02, -1.8867484366393e-02, -3.0922813659910e-02
+5.1970223874332e-02, -1.7931633899266e-02, -4.3906449497217e-02
-1.3202976183268e-02, +1.2356237256245e-03, -8.8644605201425e-04
+7.6669367717967e-03, -1.4216151621099e-02, -4.6137643672877e-03
+3.7631384507301e-03, +1.5521847021474e-02, -7.2183122937236e-03
+5.4219237408295e-03, +6.4628363423198e-03, -4.7068368482592e-04
+1.7731130080834e-02, +1.0536672906567e-02, -6.7008401511877e-02
-1.9935175131284e-02, -7.1230620647088e-02, +2.0104662529773e-01
-1.0262440547417e-01, +1.0606258895450e-01, -1.6638489331201e-02
+4.2954788091003e-02, +2.1490828264361e-02, +2.4186886051548e-02
+1.5027852447401e-02, +7.9830926319717e-02, -6.9757331334644e-03
+4.6278991422060e-02, +5.0877083932549e-02, -1.8998470294723e-02
-5.6651058328669e-02, -7.7220798969256e-03, +4.4650956288225e-02
+9.1969824366228e-02, +2.3372522796897e-01, +9.3386407142620e-02
+4.1181784751095e-02, +5.8943416199876e-02, +5.9062615339524e-02
-1.5878502343751e-03, -1.2787810115525e-02, +6.8769023745483e-02
-7.4373792848033e-02, +3.0656189346981e-03, -3.0270647438475e-01
+3.4036669336685e-02, +3.4021598548755e-02, -4.8980922601901e-02
+7.1309648963579e-02, -4.8549787901291e-02, -1.6986087616350e-01
-1.3285430738133e-02, +6.7416503501217e-02, +1.1342739904073e-02
+6.5475768626964e-02, +2.8859684042782e-01, +6.7883444776140e-02
+7.8435104257367e-02, -1.6267129565661e-01, +1.1489839232191e-01
+1.1950542174041e-01, +4.8851147718684e-02, -8.6444427718556e-02
-6.3283411453439e-02, -5.6523530788815e-02, -3.2607460026295e-02
-4.1297276128611e-01, -3.0833006447843e-01, -5.5901624557594e-01
+1.4820197093007e-01, +1.9357655816578e-01, -1.8343430055102e-01
-1.2413306179443e-01, +2.4050863858465e-02, -1.3358729960923e-01
-6.5626158367245e-02, +1.0684202286989e-01, +1.0384359719236e-01
+1.8547589069325e-01, +3.3553613680399e-01, +1.7818166242456e-01
+4.1786607517724e-02, +4.9844625103238e-01, -1.0309840450756e-01
-2.5237002065752e-01, +2.8847849105566e-03, +1.0998884233701e-01
-3.1569418669009e-02, -1.6754608919795e-01, +2.4167811757845e-01
-1.0376405063651e-01, +4.3609036278799e-01, +1.0153838066562e-01
-1.1897079404750e-03, +1.1550040300739e-02, +9.0793703754412e-03
+2.0888320200222e-03, +3.6136712204645e-02, +2.7925317530565e-03
-1.2670051435975e-03, +2.1380457806014e-02, +8.1076159380744e-03
-9.8421209975382e-03, -1.9861764499971e-02, +8.5092796560804e-03
-6.5606551847664e-02, -1.5159566442203e-01, -7.4916244823666e-01
-7.2965181061441e-02, -1.4010439184045e-01, -7.4421686039205e-01
-2.1334178131855e-01, +4.1841615314418e-01, +2.7536908743848e-01
-2.1573704211190e-02, +2.3699985651296e-01, -1.2556256772144e-01
+1.9019349159804e-02, +1.8483378689978e-02, +1.6954310417019e-03
+1.1547962950427e-02, +1.6726766711073e-02, -1.5129187905898e-03
+7.5021710299275e-03, +1.2922094798714e-02, +2.8754121889886e-03
+4.4088800261978e-03, +1.1266940098423e-02, -3.2766905845316e-04
+6.4731656059781e-03, -8.3406246363575e-03, -1.9805292596190e-03
+1.0245667561842e-03, +1.0646780210680e-02, +1.0975502778813e-03
+8.6188553470753e-03, +1.4848194077705e-02, -2.8267272762793e-03
+3.6903917095130e-03, +1.5496119922235e-02, +5.3423417824807e-03
-3.8299193815114e-03, +4.6283496124219e-03, -2.1308206857402e-03
+5.3676281165942e-03, +8.3957368364902e-03, +1.6371474211235e-03
+8.4639141110458e-03, +1.4325179285106e-02, -2.2136195625979e-03
+8.4909613668269e-03, +1.5152728090634e-02, -2.2841101133265e-03
+2.3826226074263e-03, +1.2239393272572e-02, -2.5017820232027e-03
+1.1697422995885e-03, +7.9925819838853e-03, +1.4500552745539e-03
+1.0318464011142e-02, +5.0205044544923e-03, -9.3081683858710e-04
+1.9089535616186e-02, +4.8531854958311e-03, -1.6275520870942e-02
+6.6806823828499e-03, +4.9043463610089e-03, +1.2297718567930e-02
-9.0502558011460e-04, +1.4321525985930e-02, -8.0433740581545e-03
-1.7503240589741e-03, +3.4227854264401e-02, -1.3288239485589e-02
+4.6732974706798e-03, +1.2189727937163e-02, -6.6786178203785e-03
+4.2908899376146e-03, +1.4844922593293e-02, +7.6452857864590e-04
+5.7653482873152e-04, +1.8511985118163e-02, +1.5122990363680e-03
+8.1420953949958e-03, +6.8629270460538e-03, -4.4649881866275e-03
+4.6372529564513e-03, +4.1655997718082e-03, +1.1026577464259e-02
+3.0295963877889e-02, +1.2103397567729e-02, +3.9289731105558e-02
+2.2556900970598e-02, -1.0121980672015e-02, -2.7751523335551e-02
+1.6434467234413e-02, -5.1718613379303e-02, +2.3779821023980e-02
-3.7703455993443e-03, +5.8504789480407e-03, +5.0231798840404e-03
-1.7045031309583e-03, -1.3840436117927e-02, -1.5218458294683e-02
+2.5544137061594e-02, +2.4302802186890e-02, +1.5670538387293e-02
-1.0192531626972e-02, +2.3401517505545e-02, +2.3123321583695e-03
-5.1851679071228e-03, +4.3286804678517e-02, -2.2634965274016e-02
+3.6844625034180e-02, +7.5808983688149e-02, -6.0752615779975e-03
+4.0245128409042e-03, +3.4544492696756e-02, -2.2619054119280e-02
+2.7533875114925e-03, +4.0577335567025e-02, -6.5224882278661e-03
+6.6693802469339e-03, +1.6269122106195e-01, -5.3265840525106e-02
+5.8331639501079e-02, +1.9467834637059e-01, +1.4812981191880e-02
+5.9730926478131e-02, +7.5743619071126e-02, -1.0989223454916e-02
-7.0161969854086e-02, +1.7912019994409e-02, +8.0129469781784e-03
+2.3357310457202e-02, +4.5787274787710e-02, -4.0060861713320e-02
-1.4804794515328e-02, -4.3824287474220e-02, -3.5772047046438e-04
-5.9967418026059e-02, +3.7972211830220e-02, +4.6354782736368e-02
-5.0530801303785e-03, -4.7208677639836e-02, +2.2337797876065e-02
-1.3479680151735e-02, -1.7712874697682e-01, +1.0987701436601e-01
-6.8258696658287e-02, -1.4502589115728e-01, +7.4372634232356e-02
-1.6158310156402e-02, +4.7230081561942e-03, -1.0775936353310e-02
+2.2341587609798e-02, +2.2542111219437e-02, +8.6066607285929e-02
+1.1296286234652e-02, +3.4709131256361e-02, +5.6665990440889e-02
-7.9940032681600e-02, +3.6682659387301e-01, +1.2026982531765e-01
+1.4042929729167e-02, +1.1446396397274e-02, +2.2774734072432e-02
+1.0930417108246e-01, +1.2866825053907e-01, +9.7126132666471e-03
+2.5616733453573e-02, +1.2289889644608e-01, +6.4819316497222e-02
-2.8721019139417e-01, +3.2852285730131e-01, -2.8067020545096e-01
+4.2571368061727e-02, -2.9714761988936e-02, +1.3661302452160e-01
-6.0102350442646e-02, -1.1808493952674e-01, +3.3580283140249e-02
-1.0847662651418e-01, +5.8677625706880e-03, -6.1187300740406e-02
-1.0711182444384e-01, +1.8823074089872e-01, +1.8497994467215e-01
+2.6759423130149e-02, +1.7547463895250e-02, -7.9629445160189e-02
-1.3053488466385e-01, +2.8631405570077e-02, -1.7649754309606e-01
-1.0317706539469e-01, +6.1637915789812e-02, +8.4212387329972e-02
+1.2431772667317e-01, +3.2355655146720e-01, -1.6430437583766e-01
+1.7046577164356e-01, -5.2663727166534e-02, -7.7330842768833e-02
-1.6751499651785e-01, +1.5385282230862e-01, +1.0241575449598e-01
-9.1484292119504e-02, +2.1733635381324e-01, +5.9250809024719e-02
+1.7222670962912e-03, +2.1424428199369e-03, +4.9045637016829e-03
+3.3163119408543e-03, -2.6356231908078e-03, +1.6256818465784e-03
-2.4009555140077e-04, +2.9757488984534e-03, -3.1642549872722e-03
+8.1719980160505e-03, +9.0502291771379e-03, +2.2746076191917e-03
+2.8925733586812e-03, +8.8229910949283e-03, -1.7217758960435e-03
+5.9455277388202e-03, +7.8800648458309e-03, +5.3143057183935e-04
-2.3290722125791e-03, +7.3438763431772e-03, -2.9738807494661e-03
+6.2027610862563e-03, +1.3424750254110e-02, -5.2361506835199e-03
+1.3313471338481e-03, +1.1967099525367e-02, -5.6494037191749e-03
-3.8163047613351e-03, +1.1839751206132e-02, -4.8750496285536e-03
+2.3616328118767e-03, +3.4595162154278e-03, -1.7260110395312e-03
+7.5890765750433e-03, +5.8358032320246e-03, -1.0819554242758e-03
+7.7456507281755e-03, +6.9986153577287e-03, +3.2644595910065e-04
+5.8147113890872e-03, +1.3396818257536e-02, -5.6745603247123e-03
-2.9914061630990e-03, +1.5515314718094e-02, +2.9101168720920e-03
+6.9089771371577e-03, -3.6338199872503e-03, -1.2306046832563e-02
+7.4063217987917e-03, +1.4759216284794e-02, -3.8493237326232e-03
-1.8527799244293e-03, -2.3489130414477e-03, -8.5927033331634e-04
+2.6827824872637e-03, +9.7627969085317e-03, +1.7377383511360e-03
+3.9542157331492e-03, +6.0335295314290e-03, -1.7861359125107e-03
+9.4296683368817e-03, -1.2905579226657e-02, -2.6044531152476e-03
+2.7415356535078e-03, +9.8641908302820e-03, +3.4167775744884e-05
+1.6712129402726e-02, +1.4613246353851e-02, +3.0469394934692e-03
-1.3971601442817e-02, +1.2023760484173e-02, +1.8505944819573e-02
-2.2676038226089e-03, -2.1872861669896e-03, +5.4904030742584e-03
+3.5547811026419e-03, +1.7063150354973e-02, -3.1011409336831e-03
+6.5517628443013e-03, +2.1622769406843e-02, -5.0942072783709e-03
+5.1472820597533e-02, +5.5517469777167e-02, -7.6098355165021e-03
+1.3794486998357e-02, -1.6001435199620e-01, -4.4020949394711e-02
-3.6178878467376e-02, -1.1755417027137e-01, +5.6716594789353e-02
+1.5615749877441e-03, +2.5666050317260e-02, +1.2561794853031e-03
+1.9705902331145e-01, -2.3017828069438e-01, -2.4482313676748e-01
+1.5259646771472e-02, +1.1462790078056e-02, +1.5186245752453e-03
-1.2536626642765e-02, -1.0774332981633e-02, -2.1045411721960e-02
-7.6048531874596e-04, -2.1827901125295e-02, -2.4751084061566e-03
-6.5243353010024e-02, +3.1791397221307e-01, -6.2550402059152e-02
+7.2028876203294e-02, +3.2428889758270e-01, +2.9904064033049e-01
+2.0630464467724e-01, +1.9476592586985e-01, -8.5234032275667e-02
-1.7266800670790e-01, +6.9716435991708e-02, +1.7464946781083e-03
+8.1573842566246e-02, +6.2443187790185e-02, +2.4118244216858e-02
+2.4459314535456e-02, +6.7710604989750e-02, +2.8834498773658e-02
-5.7485621612703e-02, +1.1594946565032e-01, -2.6842594247547e-03
+1.6975550931430e-01, +4.0333940170732e-01, +6.1312160877586e-02
-2.8548678101952e-01, +1.1259040076049e+00, +7.3829257852351e-02
+4.2981155830247e-01, +3.7641903122046e-01, -2.4038165387917e-01
+4.9398331713949e-02, -8.3504609098157e-02, -1.2542201688978e-01
+1.2229026239522e-02, +3.9897556085005e-02, +1.6084880216861e-02
+1.5650756154713e-02, +5.6922955017325e-02, -2.1030813816456e-01
+1.0797041170797e-01, +1.1567077878796e-01, +1.7359034337218e-01
-9.0979893347297e-02, -1.2716100375393e-02, +1.8529961396803e-02
-7.8153552025453e-01, -2.1274835280830e-01, +2.0959997495331e-02
-2.0293383395100e+00, -6.5173150843184e-01, -1.1238803942833e+00
+3.0427653878817e-01, -9.9688313037051e-01, -1.0517624843810e-01
+4.0570431711994e-01, +1.0709473472086e-01, +1.8845810118857e-01
+3.6833913241729e-02, +1.4816007056732e-01, +4.4367615503360e-02
-1.3955718697164e-01, -2.9047162267744e-02, +2.9293805301368e-02
+2.6629476341369e-02, +4.3501075708751e-02, +9.3039973252745e-02
-3.0104108911620e-01, -1.0828610334073e-01, -3.0138283749283e-03
-2.8891891601993e-01, -2.8314513109080e-01, -1.6868943108839e-01
-1.2912614347496e+00, -6.7272771499846e-01, -4.5025310394976e-01
-3.1731165855396e-01, -2.1774457762245e-01, -4.2685326022217e-01
+1.9132916943959e-02, +7.6692609801076e-02, +2.2386448862555e-01
+1.0805833830035e-01, -5.0568909499299e-02, +4.0783949615966e-02
-1.0119787253801e-03, +1.5970460088216e-02, -3.0279608197423e-04
