-------------------------------------------------------------
|  Simulation Setup file:                               	|
| - Initial parameters are in order: positions,     		|
|   linear velocities, angular velocities (vectors)  	 	|
|   charges, masses, radii (scalars).              	     	|
| - Run settings are as follows:                         	|
|   [Max steps, Delta T, Co. of Restitution,             	|
|   A, B, muS, muD, k, render warp, Gradient mode]. 		|
| - For random positions, set 1st line as "Rand";		|
|	for n identical particles, set 2nd line as n		|
|	otherwise set as "Rand" and specify radii and masses	|
|	as normal.						|
-------------------------------------------------------------

Settings:
[0.07148431650212372 0.14652473913282882 0.0004203507837756325;0.017711893556562993 0.13644299637874135 0.04464918566921675;0.07406960321629351 0.06325569098128263 0.0283900142248022;0.12795088247852254 0.11661793299422357 -0.00013883785942416028;0.11453124616223444 0.07754102827325032 0.0007345990327859071;0.1461897806256701 0.09925438002009172 0.047652157162875464;0.03228542732577195 0.006807736765569665 0.04740831682507612;0.14444914982460808 0.0036009197429574735 0.055887334428144794;0.044019782518963206 0.11033336230475231 0.02166698686431651;0.12808550496451562 0.15060255341243672 0.0006293203852206558;0.12022163832555771 0.10004155528410935 0.06233887728364909;0.07937734415263487 0.006470378874364478 0.03184480105855135;0.12575993685881495 0.06407031412006563 0.039912023680426796;0.10203998660574835 0.07792985325419467 0.05429171830423984;0.07896775399197244 0.07393817835374931 0.06292812746833341;0.025197756763177342 0.025811364865451714 0.0669117022080695;0.1424518388907197 0.11030904716568818 0.0070615877636962116;0.05564675688451432 0.028396867805970918 0.051609254143205115;0.049848555987752716 0.04028882912640547 0.05192546700584064;0.04407361177363278 0.084058286340994 0.02645917321969142;0.07354059583054672 0.042587394459448695 0.06534584409359723;0.05932488526159848 0.011472454709535321 0.0352836443200795;0.11738665644170523 0.07653587294781329 0.03707375376135172;0.0718624057375771 0.0717223466749852 0.04750961477545578;0.013403190483761974 0.007704725399757362 0.013867221886111744;0.11423403468906247 0.0022883898390290273 0.06298849499029714;0.10374255663213479 0.0950897759532763 0.060110377205073735;0.12407950033508783 0.05821653041169152 0.06883400083106793;0.08238993096445534 0.12503961672373246 0.06473380660247177;0.03102545147698415 0.0889580505825719 0.054393714807234275;0.03273566775559003 0.1509330441046378 0.044599556575898515;0.0726149071042787 0.1383921368930251 0.06108337279516031;0.11895028502811503 0.04163763241473279 0.012454228589112175;0.09394301392738529 0.06132638702698926 0.035417171977509224;0.014943614994693575 0.08416525400519735 0.03841835753499778;0.055341629468441386 0.08367316224761466 0.016144997767225614;0.11169544943082906 0.0905656937949293 0.03004516306306878;0.05228217393641126 0.01875009055728675 0.008326983409484977;0.028401972185424503 0.0176534709804265 0.021535545958628464;0.003188195899599537 0.08673493877951001 0.017465956107516653;0.12836386348981974 0.0906801846698777 0.007960128672318387;0.021194927468531577 0.036378148405691396 0.014825676653349737;0.0824878184370854 0.06849904960299155 0.006007947854096012;0.03645595441176306 0.026069973326746633 0.017713168057653463;0.013622594688799323 0.10430367577536499 0.06572772867984351;0.024538924181265586 0.12660376736288165 0.045275603634371796;0.007719142223440986 0.14905449947569044 0.0053892353098224455;0.040133500103666904 0.12733256366346155 0.06551053433608987;0.11743048255812838 0.029964227361486524 0.05132608855850521;0.03171980212143337 0.07580946090291354 0.014709348061814388;0.12505473621361562 0.0677955420945561 0.051234355407349275;0.09281940214480439 0.09726006997888852 0.0014510853135595663;0.1434229803381589 0.09969901059517766 0.03539822735365299;0.0026553947091186468 0.058807408498896985 0.013130901965928055;0.10740552685760058 0.09183027395825538 0.004972835512381405;0.0544082158596653 0.08510744977282168 0.04518911497403093;0.11818007091162525 0.022653238079496867 0.05076501022853357;0.11614145984335561 0.13041623910264682 0.07059953064214773;0.006226708624841711 0.14310660365776104 0.004777020868116163;0.0626920536982935 0.030772435000881747 0.017032391892547172;0.06388347152056269 0.10195918371364136 0.041664522535449985;0.1373563088980194 0.0042472928448204755 0.029305050694311;0.03340889686643612 0.09643273504931513 0.04224343699658535;0.05791733932718298 0.13511080703448847 0.0008762197041817723;0.05532113060269833 0.08956972144633178 0.06676941984180428;0.11977410766612342 0.1320749160815589 0.021669711530939398;0.113182599472169 0.040695064384362725 0.0017484745505578162;0.03575625581233691 0.028841184342401464 0.024236117508448136;0.029220593994835203 0.11205681302986083 0.01851698112819375;0.029882433615721543 0.13205424808486094 0.021629810465425718;0.04017117419547406 0.032397380642561445 0.06784646619852248;0.026824063979802935 0.06337760068199355 0.029892870055810854;0.010204329470349353 0.05676768402066532 0.0020885461223994284;0.1445790009952853 0.13016336598578668 0.013273032636311534;0.0394615303695411 0.014513285469734325 0.029194000284732305;0.08769385447571836 0.00726754085066318 0.006599607631969498;0.0076748114865203745 0.08647261013274256 0.004527778105431972;0.04347143069127109 0.10868956546526355 0.042699835052818984;0.007058067473304785 0.11373597748453879 0.06486261203862385;0.04011684899070475 0.1382637524404899 0.006496030613449579;0.14809332427996882 0.14359383341052787 0.02984972625339544;0.110282593665347 0.06391119314083725 0.027927547290838503;0.018238629466815204 0.13813031407547297 0.031735349716421404;0.10301069373775622 0.10430943180677531 0.039496878756051686;0.12960664871512442 0.0742363538724118 0.01486159861805351;0.06807272163261865 0.1326503482472236 0.04407562425236139;0.14150172362357047 0.1310912916060916 0.027233977002744103;0.03413467421837752 0.0027871423571778106 0.044212765012513366;0.06558644986830879 0.07748007991896973 0.017966274854655524;0.1162276581394978 0.13090874591040005 0.054600046839623426;0.01307148463437068 0.08473107657602416 0.013846540731688844;0.07336282452848077 0.028336903751700164 0.06541323583317814;0.11133166928315502 0.08648802902779505 0.06714970337727613;0.09269329926720422 0.039546306631887414 0.021487478766290754;0.1312388329687361 0.0009186705933120032 0.04611346123046227;0.10832468269100838 0.11774704833215402 0.06252844702418373;0.10359159295550027 0.09560883263605865 0.05524930168971121;0.10260805180012282 0.1050274220301046 0.05134158488229367;0.12264350574720304 0.06911521742475693 0.008704199838730619;0.05213315298810366 0.051778226374218785 0.06837757468793737;0.09545248362651719 0.0738059789601142 0.05222112258862874;0.04823051695664153 0.12403374494509072 0.004577495166258683;0.06046625613965444 0.011478569621011658 0.016944662587405037;0.14300096002997018 0.09724971229656595 0.019643641748612228;0.147541952111758 0.14832654298611755 0.07065214802583548;0.10097825707823317 0.08974951344379768 0.07076003304984003;0.09146359616627638 0.08148608775461423 0.04525031106622629;0.016044113904644042 0.05797461983744715 0.0297347948638777;0.011501253957795473 0.08833934776960926 0.061847019259457625;0.03838555012674292 0.026133001338670924 0.05159668651338609;0.1194915058625017 0.113776891631875 0.05054705875940214;0.06212605358482539 0.010370208855975439 0.011477591732525962;0.1312282350043105 0.044626791685864704 0.03841230708277669;0.019792186577355347 0.1065158526961706 0.002105220368150085;0.003720065460647278 0.0004404429410085739 0.010864161886116573;0.016343953467920842 0.09111128244620544 0.010997809357149927;0.017047605975596458 0.08448184583065614 0.045380679582997845;0.13365663667544203 0.012322081036419822 0.026936042145006774;0.08004224132886474 0.022361239031838943 0.028819960974131358;0.13601537306707082 0.07332205080230077 0.03433800196199839;0.013916332905284708 0.03497387930261473 0.03202077053259426;0.061467813324698674 0.12427481506713298 0.06899844669352645;0.07327942278593351 0.0907593047051015 0.026688875131271394;0.0728752842010936 0.14697751237467796 0.004102076594322913;0.04453408434784729 0.12463824376102525 0.04179026006492391;0.10465439860154961 0.03720691646097982 0.01870547513595922;0.019998894271256354 0.13239603219820106 0.05770634686837824;0.04772187390428175 0.11059961966765156 0.015358759182725692;0.007864962004071871 0.12447605833680535 0.05995863024420788;0.031198757855619298 0.11435241117754236 0.020390097962642795;0.1110796796285433 0.02543039865660083 0.04958781019602211;0.13166371796253354 0.1454718541312224 0.044643312265573144;0.038170527556995695 0.020566869311667967 0.037871198115442435;0.07822166171022372 0.13505269909064596 0.034461799491603794;0.05645521669963737 0.021890307048530754 0.03547203121216132;0.05762626178042574 0.005501414841414212 0.0007826421959261623;0.05987242685422268 0.05865042683820431 0.05233712026730306;0.12219605751723855 0.048828326019029554 0.0439037570386711;0.022875889132311946 0.012523383722922025 0.036122735736494715;0.062129540176012354 0.07635246955336895 0.0011583842494253395;0.01658556889786114 0.10177897909989075 0.06595135115853581;0.04172275527556323 0.05730378320405189 0.011045165280434487;0.044851377903552085 0.1405796867046418 0.02008120914291595;0.020054130980911723 0.09129776086738661 0.042276880725051216;0.04576712732039386 0.0219063560306254 0.04303654309495063;0.1313136714876048 0.11321959311163533 0.055216645257870775;0.128121761129857 0.12355448669337693 0.06787902515616809;0.14474981433985798 0.027105699753317895 0.01792254773864166;0.13169761254360746 0.09579900242898977 0.0468279113215343;0.07604530004297633 0.0644561979515568 0.05924423718978268;0.12195785844298185 0.08357509979775159 0.03422095939175442;0.13670136207619743 0.024307297191991734 0.04316111715951316;0.12432576967887429 0.10816700378412088 0.03357379053397078;0.11892172508728449 0.11076646373955061 0.029347095196860653;0.09884467295663742 0.03768777515525302 0.05973760751603872;0.023687032495115022 0.1239483305416624 0.030195173922320483;0.034892471044131956 0.040414578841686276 0.042085957723261444;0.10175726940049024 0.14514108087709968 0.020014097206042324;0.06417159203473159 0.05570505169311584 0.033821703775136575;0.1307709284509451 0.06503967025004202 0.06188349672513196;0.06505215102605133 0.1042996536213293 0.03523196622740453;0.035101013122506936 0.09267971525697002 0.016734095779814794;0.0059528798121583825 0.14107419722949485 0.041189464038891614;0.11909197780780593 0.03737907748668357 0.022687225038548427;0.1075638836449818 0.02567302783078224 0.015881569108335762;0.002201460572536321 0.06285170806646093 0.06629167199407436;0.04061064758353128 0.07057287975319616 0.004723127578526287;0.11901823609432474 0.08671394709080116 0.004781997666452441;0.12425199481240634 0.0885098755178212 0.02072699135501781;0.09499679162391293 0.023925074876365828 0.009745572439810392;0.1142805951542762 0.13580862928903467 0.04034569730450058;0.13345102465061343 0.08545089314149702 0.06413155849620641;0.0382763816555687 0.01589375003056336 0.028380357605661516;0.07217800185815396 0.001961593387371098 0.03782412365638465;0.11875055759025396 0.10029159431020226 0.014714275970136737;0.11062253577185509 0.10620657937027171 0.0670543586037867;0.018906817220832057 0.07811437489876033 -0.00018377557114110024;0.0751739041956037 0.04157160519907592 0.0673203239908567;0.14681872113616642 0.08489522704375232 0.03859257271322377;0.12069152297581345 0.021611791237215145 0.029063148538766;0.047860401724640685 0.0074647359301664995 0.003449891907857411;0.08653942933029644 0.011089321822527346 0.05288408513468599;0.032623277637361635 0.023642721090622158 0.040832517950860875;0.09296588468602096 0.03946155180029046 0.0633629624220846;0.13902095535460424 0.14033263260322457 0.03761893489031729;0.04185550464036673 0.08911727514323932 0.06465709406775784;0.054088138595540985 0.11141911695095015 0.007415141674276733;0.035199104517641466 0.1279037737926571 0.0344309722785106;0.1034956400354358 0.11535458690588882 0.007543703556651842;0.004600774768137454 0.0025303034046436548 0.052141652559433635;0.022719880185904092 0.036533343727972845 0.0615831389879814;0.08358221267616785 0.10421768725449401 0.06612805061307914;0.11216158922297169 0.10522499327370191 0.012314047279709188;0.05278854402662036 0.1485607148726699 0.036643351111084146;0.14511427381698777 0.10140321675243509 0.0637002194716817;0.11719260139881242 0.06555161592888162 0.017458657947735066;0.04225665802964069 0.051792491841968144 0.05280615797883047;0.003183625705699458 0.13027586479271502 0.06721890742897034;0.10589492999822846 0.06494137717213531 0.035151645489392515;0.1414438256476669 0.04916936317076795 0.011379295153639751;0.07651342982030646 0.04598946201556745 0.013783740300371664;0.10697063697942519 0.03034061737908479 0.01896429259080252;0.02603303774544067 0.04610784856394238 0.029169957460121822;0.017866594936469807 0.10877903594968369 0.02035919409825256;0.07902590481663375 0.048425912783426554 0.06203699807039949;0.14531032752329634 0.03865038329875443 0.03573468502308243;0.10206532603568627 0.0695347348721181 0.0409616004905675;0.024535132463487073 0.05902869519824681 0.04973932930593943;0.03917500851842648 0.041838037986516634 0.02787099074265602;0.09964928125533914 0.026507610130005695 0.05861077245950183;0.035002324449408574 0.08295548216548045 0.06428679199934235;0.03415005948235324 0.1080215304469289 0.06050903948531783;0.13683875790279657 0.002489677496631964 0.06737641766743027;0.13421144314109784 0.10840020923034091 0.012813161258383509;0.023759607423173148 0.013211218091707578 0.012526009041176669;0.07878299762068838 0.11858523816386146 0.058664070558319896;0.10709224556180115 0.1303749781304347 0.0445989402700928;0.08754747691373942 0.037928439309552586 0.053753150887089055;0.09075082614816184 0.13919807408624896 0.0607155119471331;0.12325951173969799 0.05847164427799189 0.05249652225017026;0.07654944318602919 0.08336993742140121 0.009743552999767459;0.10830587776343392 0.02473213072141274 0.04501026206978077;0.0978983502098861 0.007014146245523485 0.06377393442377814;0.06833308966256166 0.03084553534049812 0.05062770365508665;0.14906272357641 0.12504083541928557 0.036174185557367206;0.020506873251128023 0.09892233825235577 0.05336563687456652;0.11624171122693913 0.05921931252011885 0.044243319196297114;0.11571157631838941 0.10564637890914648 0.004902888665355043;0.1380980307881581 0.016269423011094627 0.004968458634414607;0.007552233331671119 0.06769531696675941 0.0164986300426395;0.11906423198522798 0.08395544758688236 0.01779550127174445;0.14775261802601045 0.028394470844482808 0.026169237479007065;0.039968703746469506 0.09747260772877497 0.009169108698221356;0.01834802110375695 0.08187840312176271 0.022304854657775028;0.0673595412262337 0.06372973334549661 0.05976943970565433;0.040383838213605104 0.110341987214771 0.003936979750862503;0.012427857115662294 0.08942735124614289 0.014293820463889712;0.0012248951972619894 0.10647391064100872 0.04914829632744916;0.01803154645022064 0.088604250259225 0.03188985734863943;0.10645490861392114 0.08998628439961884 0.03493576809574048;0.054475734441578015 0.024448906986997563 0.020563124623643934;0.006258729404624693 0.14742702229176224 0.051518583382028554;0.03004436092281474 0.08683271151194456 0.05573567886825581;0.046091680397415645 0.03550355162506007 0.01880191432993179;0.07948595285401037 0.10482284060370216 0.007075167855537249;0.11702521942593606 0.04265519741333678 0.004608957734133349;0.08293887848964766 0.018042912960405652 0.027735679360864896;0.08461366915950086 0.08898809144767997 0.06302018682190498;0.12256119175669275 -0.0002374586161413632 0.04130371662120355;0.015436477514675343 0.1491938667486853 0.028147754318997645;0.06448852124672573 0.12973934212478527 0.04197939871638222;0.025899037526192895 0.011360364306507565 0.006267606523974977;0.09613253381903789 0.05808574236662273 0.05428393231093112;0.11875321884416368 0.04507200032166689 0.04675893734903876;0.0981252600091613 0.12337250675545461 0.06431030797396628;0.12186141152376588 0.02403534155118389 0.05236998379942104;0.13842605178139347 0.06069558771054737 0.004753268466402755;0.06496087363448964 0.03952676288726672 0.06123132915154985;0.10591705847769894 0.028437157994603324 0.02455588923462463;0.13787598581823662 0.07167087901228625 0.014385420469734603;0.10033521071648517 0.07842321009766456 0.0268233297214451;0.030875703097943664 0.009104794535032044 0.04392793532119549;0.14815638108384915 0.036175225734465674 0.006152285248098786;0.10151900043296973 0.09747659261187243 0.005482248225702026;0.004919450098317769 0.11998948473116704 0.06421628622019251;0.08154799923392225 0.08315944402561426 0.05141592046362471;0.0093277589510755 0.08012206228605327 0.04023188741163856;0.0034587504645072122 0.05478836772252891 0.011059462964099794;0.015423083710394643 0.05765301319105874 0.044365789229385055;0.14404622314979798 0.13535886407345252 0.0009653224996996277;0.03941421143230477 0.1262815235276572 0.03701221066974636;0.03857805216727941 0.08781156418115608 0.032036714952005725;0.12398049372299584 0.13602417939059688 0.05402183015243166;0.046751563958533755 0.05000577841429244 0.06615222046521325;0.04161448583522313 0.12864612615426366 0.012929663468394519;0.007981562020628276 0.13807316913471726 0.06725306060455427;0.012822600152439271 0.0782809993505293 0.002406989700852382;0.020588133027828522 0.11581087495623896 0.018950139712806166;0.0285627081254197 0.11182216288039648 0.06384062166972046;0.0924056838433324 0.019087635464286566 0.060571242784806995;0.12028191102534454 0.0960028520793193 0.04637374680673021;0.1130896208607286 0.14264338605383511 0.01647994146130288;0.1096993933495141 0.10586619637057827 0.04092729864435045;0.06663547940966762 0.09599188512061502 0.05489802048625554;0.10373052885943813 0.1426830301886162 0.04994933813528427;0.14568192070481603 0.09071524364509533 0.04832468942173421;0.08676312449211543 0.12908947764078613 0.02473465643777338;0.10183114641911137 0.1306107802144124 0.013091982225243963;0.07838384631330417 0.020711725409302686 0.011587018601906697;0.10070154372849668 0.07834103595460074 0.03000122247665003;0.09158225397473178 0.051976654709430706 0.05122609613793842;0.05484049651555859 0.13410818957857412 0.05023385146650172;0.09073857142716753 0.07374447932164921 0.02045055696352944;0.013621313019232965 0.11229025399588768 0.06113789158869887;0.08001845706896056 0.14905547885060985 0.01880918266895113;0.01998164029503593 0.13274543997771912 0.06572993194422655;0.020181948761839423 0.03186661092229132 0.020703571380830812;0.015946927332764496 0.09381978994421715 0.001124922504816722;0.00026023288250558055 0.06681439211573463 0.05978361544559008;0.10925626293643047 0.051757483484571994 0.05929803473311415;0.03302705068009302 0.0217788786350154 0.030237703020230995;0.09303408863684494 0.025144497348894172 0.05850765973097132;0.03302362310525108 0.10269919656895661 0.0008766060798864072;0.1277758411773172 0.1318449201232332 0.005189009033685052;0.06752233915564178 0.14482296356719312 0.028410320302794723;0.015899374089040148 0.11614254221199473 0.02550799179411625;0.07013694905140738 0.10182389840492388 0.02784061342880343;0.059278861805584934 0.04615299211700958 0.0397681526688341;0.07498839173209315 0.039771263200402744 0.05303681793855207;0.05252931133662104 0.09578912441160427 0.016665455622945326;0.04671563310934021 0.08244921500200406 0.030415217670361455;0.015482607597815267 0.09314027666584536 0.008033973027731458;0.04777545092456358 0.031526686833907115 0.014081166544793949;0.14460482199348493 0.11085031232332092 0.02565103263612322;0.04494859849950949 0.04565682755336887 0.047072311774156154;0.08614348497859343 0.04984642002744179 0.0582603809112654;0.08816429696629138 0.07372845490833974 0.04119519655473942;0.09966354416263747 0.00970328366374054 0.03311245801493148;0.11487941089004071 0.09904797240530486 0.05659024538279109;0.1261566567939879 0.00428890232032093 0.05075871589453938;0.09775895167281855 0.1076319166663072 0.04120072513915889;0.07550715594619324 0.052423939047636134 0.009741360802122475;0.0009931604739006371 0.0177833653050434 0.060463530377468724;0.02272469941494235 0.11489154615498515 0.026038765993652853;0.07635169919018245 0.01687540108907865 0.010330838126931518;0.1262896514130641 0.003825978555690214 0.05610630145871794;0.12762604746640083 0.02103140650141252 0.021810529294440682;0.05366439416077524 0.0914716339754404 0.033007333261249744;0.13703672959548902 0.07357927591374713 0.018222112971428332;0.0468857849589593 0.1172269487111289 0.004036121854335191;0.0022261327800320633 0.14961414483479674 0.019881121990329924;0.08598890982946585 0.0760181929306483 0.014519586300446329;0.0712436061695495 0.08532831614460468 0.05398044574896506;0.07545459718716045 0.10925049112943623 0.05668293687304697;0.023678281765134247 0.020249179242446524 0.014411821720898697;0.03816570570158375 0.0008201128159127301 0.021286540490818476;0.12213691043157648 0.0907021217491621 0.04830335978363983;0.13391729585143555 0.03118694184158232 0.02105159879589308;0.06429626247048395 0.1345181652982957 0.019208609248211588;0.0030850781604818884 0.08327654943894403 0.035466945203778064;0.13975485763254944 0.022291622013027104 0.04389811843022046;0.006174147894581956 0.14024953943652274 0.014902740709714861;0.08869907055647233 0.1317906696757947 0.0246519425120253;0.013577408788113398 0.1496161500977643 0.047229640352340285;0.1444968542761384 0.08800288693129239 0.04339835332424341;0.11758785830303241 0.02652075183998871 0.026367084058277705;0.020573433970176802 0.08387719099432402 0.012280704518947989;0.10924546345112703 0.017598405164897284 0.013573639308120203;0.023623236765073243 0.059350046446470864 0.03810826316369802;0.030504232368911616 0.10676727078503588 0.06790565171716255;0.0271105992231662 0.09324489132939047 0.05507281206305257;0.045201949236464894 0.08234715534705696 0.0576309708296018;0.029201120855718916 0.03476842747441477 0.012308912901274909;0.044578846756228835 0.028571488968280552 0.03051178766212385;0.11550855435270588 0.13598859216961 0.028011588011662435;0.14158143821019162 0.09575254686661124 0.02306528201190696;0.1220232818412024 0.07860084339389718 0.04246490459690348;0.07801101451870203 0.09914994015679209 0.04268079023313418;0.09216846065677371 0.06400329103628853 0.03804601533072764;0.021299750912499804 0.12539493610390848 0.024076174482147984;0.06394781528406177 0.15037016055703462 0.0627089867060248;0.06545331617342236 0.11330443451477674 0.0048515424318636875;0.027776292275339357 0.10008557014510366 0.03468621206437067;0.02190907921878967 0.0284476049214698 0.002028770153550967;0.0262844881145977 0.13677567260278184 0.005189486216463599;0.10349938239920937 0.0709661326505912 0.03785157336310719;0.13742560448130414 0.07745118745922579 0.06101002420219114;0.0686442463785021 0.020404228665275467 0.013836386992207893;0.01845050888889536 0.0022981610402802873 0.009421856891283805;0.04637810729614706 0.13027302842030894 0.0591030581699486;0.04074508345099111 0.020399794650755608 0.03764810712363152;0.08974925143421753 0.13694938684097824 0.004234284180108499;0.019002887447259652 0.09359813824674819 0.0058986697553757034;0.08874293849572137 0.08321607814109268 0.056891509055014465;0.11960469549386939 0.042801382617762694 0.06509775722381984;0.12091285463997753 0.008701753633289332 0.06216296414737938;0.0806098294160188 0.09103601338741256 0.052167585992196716;0.03107326609865472 0.10810177832322534 0.04907686214493523;0.10009707866919985 0.04809266166701455 0.07010314159386839;0.012487646753328014 -0.0004470323135079388 0.04785876333923251;0.1161232742293661 0.02569389850364753 0.06000424486275391;0.05495333327828123 0.08191883016264766 0.012208983512385623;0.03192739799076261 0.14395803492415896 0.04152984350218989;0.004790165416677031 0.027336985924066384 0.027025559716156975;0.13599882146363754 0.10366584043249553 0.009450781954387396;0.12150498655536718 0.07076208288149476 0.06734603978712801;0.041912327344422726 0.07964412152225715 0.04821548800108477;0.04881635006409536 0.042176932069236645 0.016997032941734217;0.09303239862007061 0.002403992928157603 0.06544284802791954;0.12876653109038638 0.14643600769990592 0.06676687656269557;0.09597343356145818 0.03715922883336632 0.04659334695955142;0.0931895306986325 0.14898261039614724 0.0561761604153953;0.0998227819157639 0.09327780787207686 0.0016680731194370724;0.1459171117494619 0.09198044570429338 0.016401286902332026;0.006896106118488976 0.09672895309441293 0.020952504292269362;0.1156958636388497 0.02588789937825894 0.052447924994367096;0.057221590018419144 0.032849354542255224 0.0012223548416536235;0.022140379617317716 0.11882228588770899 0.04270475244845401;0.10724698470094796 0.12515573791111323 0.012412963965923805;0.09194075365732114 0.10390244481500438 0.01480330805065963;0.12831015249746056 0.024222426222806386 0.03800272847773496;0.11941308541727005 0.07339861772755653 0.0026048497491117225;0.002760145228712972 0.02817735526103835 0.007814451881472114;0.14570476820652498 0.1414306039828258 0.01696337857663841;0.08425061926342753 0.045150655907431635 0.037875243656030136;0.013303345264054639 0.0036611002947705036 0.0313966949085074;0.11032120665982585 0.14178585827080978 0.0069136965949501954;0.06325306953226814 0.14872831809794726 0.05000343874710451;0.1509035156212834 0.10739401561548227 0.0029243898139682772;0.07697229574120003 0.10857929086740986 0.04564924439963646;0.05883020669299505 0.11670276512407218 0.06870272143906221;0.1305246657075038 0.006365807551441244 0.023492539656217833;0.055334004823730146 0.1095636840591636 0.05304473910505168;0.059468107030698734 0.10456079382789417 0.060489112367073626;0.11295996416265125 0.09316959592764817 0.04390145144090334;0.0906645420432183 0.09771449463733965 0.014807320682186993;0.0030195023677019608 0.005949499591510997 0.06068573151300519;0.13954597818681344 0.0023131754238874557 0.03464286518153636;0.06328205602157959 0.1495246845494164 0.04331986174094848;0.06948739099528438 0.08621363058988145 0.05344755625948545;0.009610780796622908 0.07463838198290687 0.027500341877351817;0.02986318676450464 0.11608144566995426 0.009030183455794288;0.028135980310665498 0.03975616190031628 0.028018471867335352;0.14130023511778458 0.10318592183980928 0.03830411425276177;0.04347595168793008 0.007608349097791328 0.020972219443377918;0.14690773025151252 0.13690315796983482 0.0621202946351524;0.03874783865192198 0.08167629382004114 0.01728791298017896;0.12926681880852353 0.1332533975143014 0.04902111888007327;0.13330429991070042 0.02628336146749886 0.06357559799577088;0.13794421732272244 0.1070919721682463 0.0213731984710626;0.12722041810670442 0.11925435505793446 0.00824349818114762;0.04401159806158864 0.14952169066994775 0.03000361428607054;0.003749851436912239 0.08285351567639018 0.06754174791098959;0.04756552205847136 0.03568354184317852 0.03159243675943127;0.04763374217223986 0.09241775369149588 0.028627064499928606;0.038667445181551414 0.03321612518360601 0.051490240363687836;0.08421598753012109 0.027845063730941262 0.03124689639375687;0.03039267347545426 0.10720251950650268 0.05754440147598828;0.031168702257370205 0.037898507113156496 0.03056724482060371;0.04502005490058896 0.12684289166324472 0.013085420026366272;0.10556543375382764 0.04566816060970053 0.05212399033475505;0.044289174440598905 0.08049968045143463 0.046219605517601334;0.13983759147613048 0.007490836533553343 0.05993883617863366;0.006259469741438621 0.1157226722124064 0.014601472211786847;0.10533655923018463 0.04741964995473133 0.027425514220481794;0.011278487579731197 0.1484001601908136 0.029218895442337738;0.06065217053773634 0.13399172185607836 0.016350428373865702;0.13197895526760264 0.017311448639505324 0.0358433993402696;0.09711692733990103 0.05149249903709077 0.0036193548091446905;0.07400143035941963 0.009695889402425613 0.040239633572753765;0.09281494605081418 0.03734340991338296 0.057334986345254094;0.048397172675046604 0.013119452796284485 0.053107109392189614;0.12567883006364647 0.0970173623972951 0.0020163349735529794;0.06156131870869546 0.11924344873864995 0.010579354361739398;0.08870301461121147 0.00123977355493057 0.0022049021360975255;0.08128208048954161 0.060003004010899814 0.060635417725142755;0.09167549785441755 0.14894314520707808 0.020984229722689096;0.03521802346322176 -0.0020714289966485733 0.00990967417148585;0.08682738108884976 0.009351469746286714 0.037065354951899436;0.12674742386560084 0.13577598561680151 0.038057659610659766;0.04954731810105814 0.11449460370834756 0.04147477968344251;0.1459271813602977 0.0833745958526508 0.044222473442557586;0.0022172141102347817 0.024076340192365372 0.005783350236929908;0.029045458520439316 0.11734073718695918 0.06832861587332843;0.004756760397187506 0.010218214065035232 0.016337576175561627;0.024949091442148724 0.08247074871259558 0.014094843448107474;0.14861880592110963 0.04896241127671011 0.03300534955188787;0.05559353733098888 0.1349373755291441 0.032395120452002726;0.14205059076430573 0.07855442762188171 0.06561903645051596;0.09247697502820364 0.07532649923144301 0.0690270980440319;0.04375811020983498 0.08309226174233066 0.04016638675062064;0.1144716944323798 0.09694259061819915 0.0008335633428717291;0.14978519185678071 0.0944970614496513 0.02422584175399374;0.07914569885520055 0.03280687992768891 0.03880018349637978;0.12646982382247518 0.052454320863570596 0.03526916611787887;0.14652020856192186 0.13417458375975033 0.05280683857933858;0.07556781986959916 0.10641530576336115 0.026609733464484735;0.0187455580890115 0.10873943004893961 0.015674690189953683;0.1000239494690985 0.00967682629915319 0.06213951107074061;0.13568626743963286 0.013079939593797845 0.015346969172993243;0.0607466302670361 0.029372711548900796 0.047225141853146864;0.1260224992776908 0.03500722076318862 0.05453110336582226;0.028571680215106816 0.07077452232292435 0.024621573674203416;0.021840041361666254 0.09213734820980547 0.06023963025421899;0.00888212616130508 0.12429426803765414 0.001087626919288621;0.14598436773566775 0.006827398620441773 0.058598268646897204;0.026982276065267288 0.1349860346421501 0.022967761447015594;0.015212393105751626 -0.000298362692628982 0.0190832612884706;0.10101539427853451 0.01940869781842493 0.06495674879217953;0.05006321264672992 0.09459203679896042 0.05335965605591689;0.12486545032666756 0.1369179966040152 0.03790897766159418;0.08646666503363243 0.11124794313375108 0.035193315995222955;0.0678457682695752 0.10310029520572982 0.017956894770777342;0.06492523314303013 0.04026547132096357 0.006404351890652214;0.0992152797347913 0.01859558509673689 0.030324433951410778;0.06088471031609406 0.05503061006619019 0.06471287528923414;0.07125509520342098 0.12390656765447759 0.017873832503071996;0.016837140392049522 0.10621028618984747 0.04428769311990324;0.08646136028259205 0.08396995116520077 0.029309695370903763;0.1487884514079355 0.026387491137995205 0.063193856481156;0.105610360352084 0.11024079868668198 0.012572395550368624;0.12968330802277192 0.011973767468114504 0.03942502650838733;0.13119449074588527 0.1361289608568308 0.06511928855520771;0.018398910137809112 0.11100203556482736 0.05931564729558007;0.02120914614518765 0.020117670753172452 0.0627724245936063;0.1452031203747703 0.1077317059680401 0.05665995184424399;0.14856788048951644 0.05359693323966006 0.011197893314671291;0.1369756154536275 0.08628565494220801 0.03295083902293375;0.024528212082832224 0.06690513065168033 0.02160426956027133;0.14452127832482847 0.10413139872696135 0.06652145154142623;0.06345641460266323 0.08940131184589477 0.06831905737647884;0.13976946449459052 0.044980500370531896 0.005689404724599468; 0.075 0.075 -0.21]
[0.0001923704301392375 0.00017218918504008842 4.203786454490398e-5;6.842652761518333e-5 8.666427969963632e-5 -4.199808683288488e-5;0.0001239261111934688 -0.00017195397032712984 -9.122964041080288e-5;0.00011121668415452763 -2.8677416279294337e-5 -6.647998142272885e-5;-3.58324317375685e-5 0.00021764993074864216 -6.67072113887051e-5;6.865675715632565e-5 0.00010249461846592181 1.0325354418324846e-5;0.00024311499731976166 0.00020966795546834588 2.4557764526573047e-5;-1.4322209026220956e-5 -0.0001007973066671912 4.300969328326843e-5;0.0001756525551095276 0.00016789095593304016 2.3639732240792078e-5;0.00013259993275294442 0.00013857303572434697 5.208892926897315e-5;-0.00022867361312621246 8.579031480451205e-5 -4.846590747886955e-5;0.00022152999239566677 -0.00016479641015948684 4.1757243933270623e-5;0.0001851241380376592 -0.0001246599595843797 3.0915992943765416e-5;-2.8971992387390327e-5 0.00011229249232430649 -3.581982166718584e-5;-0.00015971767198095613 0.00014472887354801233 -1.6918874678957003e-5;-7.114072540191701e-5 -0.00020628109885342433 3.5030720050572764e-5;9.202460576213231e-5 0.00022218742811311743 -8.896011008044513e-5;0.00014569437868477386 -2.2033855842894764e-5 -1.1354002759453295e-5;-3.459199002802176e-5 0.0001639548642013487 -5.749181730991457e-5;-6.644953657475665e-5 -0.00021011993347155576 2.9821283362890404e-5;-7.174315645858313e-5 0.00015737246366574173 2.0053490488171315e-5;0.00024184580539182357 9.204807269153395e-5 -2.6341455776868992e-5;9.181018980873102e-5 5.889007313967131e-5 9.779418628126265e-5;4.2095747115028795e-5 8.041663478384555e-5 3.7057539600598695e-5;-9.133197519987597e-5 -0.0001673839702764886 -5.974777201277673e-6;-0.00013164585946888016 5.8898499701901234e-5 2.3254881141604208e-5;0.00015866285911380782 5.5196365924718015e-5 -1.2213611866890946e-5;-0.00023874330152741705 0.00012726841533272423 -5.0974934217305115e-5;-0.0001398241504437487 0.00022462561797618872 -7.994555274763515e-6;-0.0001953382439275288 -8.061814026930513e-5 -7.461994887413702e-5;-0.0001716121199801646 0.00019518150650179637 1.8761011805880938e-5;0.00018356350344746962 -0.00017784328177523407 -4.405867886074244e-5;-0.0002354247382889466 -5.730194281443322e-5 3.968647772960459e-5;9.504365085661414e-6 -0.00019782312253107287 4.681382813570129e-6;0.00013951196059026902 -0.00023400942378618144 3.3633912255092025e-5;0.0002000782585451417 -0.00017328839740752137 3.443199652963907e-6;6.543242839337257e-5 -0.00011237080639641443 8.499079009920454e-5;-0.00012028030893839337 -3.250113162889643e-5 -8.002458539946005e-5;0.00011248828979879897 0.0002359616316439438 -5.772093512518103e-5;0.00012386864181233737 0.00013553328898428585 -4.992588620592622e-5;-0.00023141089709935453 -9.94297894049498e-5 -2.524763012077437e-6;-0.00016364478772671722 1.886822990964073e-5 5.0967865680477316e-5;-4.513129587438815e-5 -0.00022486516529858185 4.0168109107477236e-5;-7.04719078266554e-5 2.5249469555751938e-5 6.607417380023152e-5;-0.00010611564722284419 -6.337223113451731e-6 -6.554546180277782e-5;0.00020160498718647095 0.0001527038113580443 -7.797018340952243e-5;-3.947228238385933e-5 0.00021877586967068732 -3.691601413422496e-5;7.985056822075283e-5 -5.824061406270356e-5 -5.54733885858352e-5;-0.00016343049187843 -3.277445821457207e-5 3.8039635293508547e-6;-0.0001495784668971901 7.002478867336997e-5 -8.950362759538987e-6;0.00013839287783015938 4.497971735788688e-5 8.140144103681158e-5;0.00022184245331766678 0.00023004272795412652 8.159217526504374e-5;0.0002496428120641586 0.0001659331138064565 -4.683978378333308e-5;-0.0002252294503602048 -0.00023867119178463608 -6.412943444623544e-5;-0.00015981256676147234 0.00018657062221985693 5.275606692872641e-5;-0.00018847076765768293 8.891262784509864e-5 2.2837612430772276e-5;3.9740567926018946e-5 -0.00011225452505494208 -7.468566049373889e-5;-0.00017173105927973019 -3.952169455591816e-5 7.548294478512934e-5;-1.394614146122941e-5 -0.00011538372381372103 9.659509490183772e-5;9.75770497005343e-5 -0.0002390757438241622 -5.7110366949884616e-5;0.00022552923006898668 4.530378448043243e-5 -7.263579238356157e-5;4.342773711941863e-6 -0.0001312604985352312 1.0801802571926518e-5;-0.00010812572529340896 0.00021748847212411582 -8.656167472632776e-5;-5.350752335810758e-5 -5.881485507851481e-5 -9.618099664797229e-5;0.00019873966300061992 0.0001354367995448054 3.462744406237652e-5;9.830374556097464e-5 1.1924912865430443e-5 -9.392472614910919e-5;-0.00024414677386446154 0.00016916371397648604 -8.275124273114933e-5;0.00018348233564392796 5.5813404366178314e-5 6.489305304557789e-5;0.00022598538381859895 4.212180471381917e-5 5.418356515426383e-5;0.00015482266275234572 -7.138945308160494e-5 -0.00010236263596846941;-0.00018401231393399336 -6.34642436766349e-5 -3.826585329995641e-5;-0.00021114498725568706 7.277047720676859e-5 -8.976350094876603e-5;2.467484332088193e-5 -5.1030645893572334e-5 -2.0282721914104888e-5;-2.5598872276926224e-5 -0.00023040594696581852 2.0895554867772272e-5;9.359190041325767e-5 0.00015852449117059034 0.0001223005523872941;-0.00022198494665392508 5.891876217012197e-5 -9.315377515826122e-5;0.00018185034844158467 -0.00022311488113649185 -7.225046362043029e-5;0.00018076438372679918 0.00011915133057829211 2.076809982237453e-5;-0.00020474252108881942 3.783131948088299e-5 -5.835495762712873e-5;-0.00010466751385431128 4.2330443228408467e-5 7.855394122162152e-5;-0.00013538552945972015 -0.000119692513360692 -9.368699441275198e-5;0.000124902952479429 1.2798772295697337e-6 4.748165534011046e-5;0.00015407536978236303 -0.00011185006811908083 4.722685059921077e-5;3.879353176492246e-7 -0.00014032139389248533 -8.998882720995449e-5;-0.00020293285409966327 -0.00020414509539145545 7.0928139766456966e-6;0.00017451619102885123 5.31835800392123e-5 -2.9359286024930623e-5;-0.0002080111378965232 -0.00016602483327458577 8.754197130780724e-5;0.0001718132311546717 2.0584236886525313e-5 -1.9616737344691854e-5;0.00017642594442058375 -8.295235900398313e-5 -6.672275427572124e-5;-0.00019998413973374508 5.51048964096888e-5 -2.5232597110751087e-5;-1.767785401203862e-5 -7.582818315046069e-5 7.135057490962494e-5;0.00012261829527888306 -8.112254283489596e-5 1.4017052972961023e-5;-0.00011453919555244203 0.00019453398976840522 -2.8326393208709323e-5;-0.00021414621040711127 6.243828327190049e-6 -3.458277374400251e-5;-0.00012076245411438374 -1.9233067581925523e-5 -8.640618172710567e-5;-0.0001715350993411538 -3.880460621461229e-5 -9.556056312405693e-5;1.4734747743113392e-5 -1.7156792160157477e-5 -8.907076950632024e-5;-0.00015262838258973865 -1.0955948252169809e-5 4.5504814853191544e-5;0.0001398353667276326 -0.00018672941091972807 2.2746795538931086e-5;7.280907961596923e-5 -0.0001487235063192761 2.6376475250134226e-5;0.00023662333894288587 -0.0001548181103898009 6.768985143005067e-5;-0.00021677387628204846 -0.00022895367514099777 2.1738807166931178e-5;0.0001392654110089294 -0.00021443542690688724 8.752661657798847e-5;-0.00016427200033756976 0.00020424332928175787 7.325806825517907e-5;5.8728350579975875e-5 3.812264237116074e-5 9.638591881076106e-5;-0.00010428291060407305 -0.0002475061428934492 9.759949466063114e-5;-2.391182731351611e-5 -0.00014564066859212813 1.5305954914076218e-5;-0.0001669946255421384 -6.701432822902807e-5 -5.7212274442707126e-5;-0.00010466365094378497 -0.0001818538327864868 7.22784966837297e-5;-1.9439597361769606e-5 -2.8923890600543468e-5 5.910825546342294e-5;0.00015104515248299318 -0.00013354496396194638 -3.390529006988903e-5;0.00020137617147303482 -0.00021227007784844785 3.671129814697872e-5;-0.0001808307200477722 0.00012948764751875136 -3.930809071379277e-5;0.00010015499008776053 -0.00018622980283141847 7.166724014456268e-6;-6.680356694773694e-5 -9.925137727037717e-5 7.77609835427198e-5;-7.338161500601312e-5 9.804527305454114e-6 2.2683357414698e-5;-2.624258016175305e-5 -3.9896627018449584e-5 9.485740607641584e-5;-0.00014131668043951997 -1.4545283575926042e-5 -1.8783506308855304e-5;8.994576329372156e-5 -0.0002038145458159554 1.3704921448666993e-6;-0.0001547622353045742 1.5259227708109364e-5 -5.9589549233899736e-5;0.00022786719862395027 -0.00023956556130044765 4.89844447475503e-5;0.00018625684081665758 0.00011300688328791318 -8.723791486951926e-5;-7.423373374862767e-5 -0.00020964850438940342 5.0690657219553266e-5;-0.00012336423638546596 -6.607488626988352e-5 6.287704868620398e-5;0.0002252878819288388 -0.0001410206085842376 2.9840185118244148e-5;0.00010395982766864759 2.644670873100276e-5 -7.412099650126104e-5;0.00020681665487615468 0.00014172273248352164 8.928141424373248e-5;0.00024313581018371415 -8.336967687597363e-5 -2.6820908600281063e-5;0.0002247496869125185 1.105996460379108e-5 -3.586328227850369e-5;7.83127506798459e-5 -3.700364310669766e-5 -4.533019658213736e-5;-0.00013653453518005953 -0.00012378490569779204 -9.389929278643491e-6;0.00012799055427777328 -0.0001698347161502623 6.586625001898447e-5;-8.302806047631621e-5 -8.209260342291103e-5 3.887700009726188e-6;-0.0001967525992588416 1.7147753617390552e-5 -5.721177993048613e-5;0.00014618571619211262 6.167550734362529e-5 -7.688900126673975e-5;0.00016812092483611772 0.00011717323446010477 -6.900701313546822e-5;-7.411277776394384e-6 0.0002467178987630517 8.683400104656708e-5;-8.631316691168194e-5 -0.00021513314074090824 5.0086481363240285e-5;-8.687717434440316e-5 -0.0001214887812696786 -5.9412561913604696e-5;0.00010387627148383803 -0.00013727370232562164 7.174689569137133e-5;6.714044035639756e-6 -5.353763975607253e-6 7.768499957927583e-5;-1.5313456765306172e-6 8.678176024813685e-5 2.565021016916818e-5;0.0001565699601775467 -0.00023081680928309129 -6.262081077094389e-6;-5.307016049421384e-5 0.0001947115265252849 3.395946933609748e-5;-0.00015855898511285904 5.422805065717266e-5 -2.3062180237395345e-5;-5.101210853233263e-5 -6.113190019244105e-5 2.4764263528189327e-5;-0.00010691012990060651 -0.000151836957120716 3.957687018916397e-5;-0.0002331955950935063 6.680714077281631e-6 7.828974355039452e-5;0.0001236849475948151 0.00012233996024813343 -8.028491194515011e-5;9.53381557520737e-5 7.593457147387108e-5 -2.242833294564855e-5;-4.669794754813205e-5 -4.308546418335867e-5 -8.821388564210809e-5;-0.00029331203103013517 0.0001442528172287185 -0.0001254354873001741;3.983483514765715e-5 1.4553421845870202e-5 7.422086701200484e-5;-0.00013928328879262995 0.00020308687572231771 -5.041708558185823e-5;6.72789311285811e-5 -0.00022686193160993288 -6.084972696935663e-5;-8.563851702150851e-5 -0.0002298460045169815 -3.3301673374193094e-5;0.0001777342444603335 -9.645997738954497e-5 -4.139128236912316e-5;0.00012364476744213166 -0.00011270208702568015 -9.560710215312469e-5;0.00015310116994498357 0.00010071172299904206 -9.307812839819986e-5;7.932792185856365e-5 0.0001317529620489316 2.6585361709129263e-5;0.00024174243368842128 -0.00012848971482611922 9.269505874901271e-5;0.0001838064115949685 -3.251208714161045e-5 -8.210465459790309e-6;0.00012848766792478795 0.0001687412023305929 -4.012007713559913e-5;-0.000162624609117592 0.00024505288539095353 -1.7094061740029084e-5;0.00021198132884537983 0.000226749462499397 8.10467929314963e-5;-6.125826624917354e-5 3.946743709428814e-5 -1.1251368049519176e-6;9.329009333610613e-5 -0.0001938867369115381 2.9287371790671e-5;-7.497750256068809e-5 -4.963586694065657e-5 -3.7443997507107697e-5;-0.0001626544584908627 2.073386668771339e-5 -8.693731649153854e-5;0.00023206678758775774 0.00012625157563910636 -8.65288974878307e-5;0.00018264648826535405 0.00010943188694721527 1.941664126531349e-5;-3.6559158530610967e-6 -1.8299566984712736e-5 1.0623854640350844e-5;0.00012623859816012054 0.00021789467490712598 1.3783168369256086e-5;-0.00015621803505167948 4.24172193937833e-5 6.309661539129541e-5;0.0001378555299404969 -8.68726516611873e-5 -8.336027256892853e-5;-0.0002417887654907028 -7.513357259249535e-5 8.381681434785499e-5;0.00023220768196202695 -0.00010102201406164108 -3.7741571947060774e-5;6.76804213600785e-5 -0.00016618494392913334 1.9150740220429115e-5;-0.0001865114253634188 0.0001409256479013763 7.203230261356255e-5;0.00011418049499578664 1.69757186021763e-5 -2.23558665826099e-5;-7.600325642232796e-5 -2.3049870421554968e-5 -4.708630610605545e-5;0.00020345626731336792 -0.00019111963535117324 4.665006149176661e-5;0.00010566332258514608 -0.00017777548919276442 9.888679072981748e-5;-0.00010400122121123464 9.815931377912164e-5 1.033024880175276e-5;4.083556877517242e-6 -0.00019440681348289584 -1.4813017597203053e-5;-0.0001834289089998594 -9.776427385616896e-6 6.291130794874172e-5;-0.00014702526766402195 -4.153382994224248e-5 6.546827665526081e-5;9.012501998828365e-5 7.827898996330248e-5 -3.9287992244322044e-5;6.931422584957676e-5 -0.00016833368644078163 -2.5752320883188937e-5;5.368841910242967e-5 -0.00018342085225227505 1.0127545974986526e-5;0.00012360573946988508 0.00018889071676971163 9.360479839569101e-5;-0.00018493067464368546 8.627961944954262e-5 -7.330297983752806e-5;1.257729386514421e-5 7.715925388182615e-5 -5.723427601602436e-5;0.00014078777432274947 0.00013372975377174453 6.301464632582949e-5;6.307460797089255e-7 9.59859558090228e-5 -1.259142306934252e-5;-0.00019099505917779313 -0.00014701376513559525 2.2426908756916582e-5;2.4775063475166545e-5 0.00017211308964031402 -2.2207295970012495e-5;-0.00016507756674673878 -7.614787609435897e-5 1.852564197815224e-5;5.025898119636185e-5 -5.5833857902110285e-5 8.904034493245702e-5;-1.0163097562130154e-5 8.129004635985333e-6 -8.959142051986453e-5;0.00022616089824593208 -0.00016234193334218472 -6.560216715323513e-5;9.162755102933301e-5 -2.9871901286197856e-6 -5.236709706416908e-5;0.0001144068953890871 -2.5426643112058633e-5 -5.8054253289943324e-5;0.0001838086635673277 -0.00019725963974911426 -9.038404536974165e-5;0.00013485799070433763 -7.923278391000218e-5 -4.4844538701286256e-5;-0.00023423715817637446 0.00014294188189883561 -1.90041315875228e-5;0.0001244659773935191 -0.00014682566777829705 6.250436729232607e-5;0.00010909897717131688 -4.59689477634114e-6 -4.606771249706282e-5;0.00011411929659621402 -7.558554445488908e-5 -6.428103503810186e-5;-0.00013062370145895135 -7.147272991054636e-5 -5.035036031435135e-5;-0.0001715509197508202 -6.205986371525623e-5 8.591296781874294e-5;8.129098196214355e-5 0.00017230706272299912 9.973119901664616e-5;0.00014373860042448796 -0.00015387395227805514 -1.2930180430559144e-6;0.000151556977776787 0.00019973479830524965 5.66673460759329e-6;-0.00019956006337185344 0.00018607427316038192 6.343075728984068e-5;-0.0002482817173998664 0.00024101257457114725 -1.327125759606973e-5;0.00013420956240745556 0.00012032774664670154 -1.4232415795411502e-5;-0.0002278721998193523 -0.00017475338664239872 -7.752868530064037e-6;-0.00022899070269898785 0.00022338595321742209 6.298153747961519e-5;0.00022013299086934016 -0.00015863603762297427 -3.614248869255172e-5;3.6933577757626646e-6 0.00010006071268199491 -4.9504945273001156e-5;8.533779625967882e-5 0.00017600770523326222 7.822057097841119e-5;0.000238322716279044 0.0001115322383956388 5.042981681048638e-5;0.00013297158102258327 0.0002261867061963908 -5.277165147399774e-5;7.196625531833734e-5 -0.000161477058886335 -5.6247863739353985e-5;-7.533295525391146e-5 9.803991521405944e-6 9.81416054365013e-5;0.00010444171291452342 -0.00020496992696630167 -1.2200854530189577e-5;0.00014390197472833452 0.0001483184600886617 1.0470140538142179e-5;0.00014288534238517833 -5.0858263998428695e-5 8.79083685093927e-5;0.00018475545841480038 9.186711316048937e-5 -7.057547585850284e-5;0.0001321557694607677 -0.00012687709799754843 -8.624237821632736e-6;-5.6617197779850105e-5 -6.89360194579097e-5 9.248303207916692e-5;-0.0002385377390110249 0.00017970670967488238 3.8965409062017614e-5;-0.00017285818139378353 -0.00023564828362966162 -4.713374563171031e-5;-2.4456953511534518e-5 8.328354187989294e-5 -8.284314204132526e-6;-8.824701957300493e-5 3.2502067870966085e-5 -7.907304784981811e-5;5.8595300058486444e-5 2.045369904121403e-5 3.441776365060455e-5;-0.00018524812689928294 3.123507265812044e-5 -4.9853411967049096e-5;-0.00023396971355732997 -7.986961688829472e-5 -7.827842889672349e-5;0.00012617406105046888 -0.00020533712479663086 5.158550141797938e-5;-7.208941563360867e-6 -0.0002450900079809632 -5.481728796817424e-6;-2.2587520689180807e-5 1.1599541433323773e-6 -5.3134275775470036e-5;0.00013169097947911225 7.655964989705477e-5 -9.11858005543483e-5;-0.00011495861306806306 0.00020570309394610275 3.491927868652492e-5;-0.00020893721625538865 0.00022363840986246926 -7.618908316525638e-5;-9.962954046153904e-5 -9.77319850699621e-5 5.529573278067906e-5;-0.00013928016813581526 3.8192036684815406e-5 1.0053462243500045e-5;-0.000196111087868481 0.00019464147073268925 -8.26973625618553e-5;0.00020889485349080307 -5.611773596750687e-5 -9.6541904664256e-5;-0.00020135643886221274 0.00017394584394094198 1.6109227037611597e-6;-0.0001677008666413943 0.00021682479420578792 9.14423193584333e-5;-0.00018479603595164502 -2.0370075870330275e-5 -3.195157511491249e-5;2.0502109121198457e-5 -0.0001725676720377999 8.165143297801597e-5;0.00012663461310505943 9.159851866221237e-5 6.719297096155368e-5;0.0002400167622995863 -1.503969510692459e-5 -3.8919415114254736e-5;0.00012268489864759353 2.419467411650593e-5 8.577107442090806e-5;-0.000207744265728429 0.00015406212936102005 -3.772480701628857e-5;0.00019220122953464707 0.00016382428929168744 -4.413749558596041e-5;-0.00017560162504644042 8.123800361724513e-5 -4.3632364720460205e-5;0.00011924751377914816 -0.00024059497218044978 -2.7293980087034147e-6;0.00019420699320390046 -4.8196301703941585e-5 1.2585544408346807e-5;5.374840801059843e-5 -0.00016014943250336908 6.795045860127143e-5;0.0002100963006318465 0.00016538684611929556 8.76496303873523e-5;-4.469339033633224e-5 -6.69720630552776e-5 9.77212192376351e-5;-0.0001916162934089768 5.277345119997928e-5 -4.147892338822804e-5;0.0002354797753713798 0.00015834676222060179 -2.559243555185301e-6;-8.987952749016962e-5 -0.00017198589131105243 -5.826951731093744e-6;9.756161920100976e-5 -0.00013232469255267492 -2.7290164323258062e-5;8.082782037034971e-5 0.0002233107712154696 9.684399483968205e-5;0.0001318186716823757 -1.0268393005548583e-5 -2.3115845435273385e-5;-0.00019385451799075514 0.0001378713303798363 4.809046553513689e-5;-0.00023855318226630832 0.00011723678656587567 -2.0943994458395083e-5;-1.2960672032731279e-5 -0.0001794704726453178 2.5691906288096485e-5;-0.00015870292885463805 5.526309971675908e-5 -5.89652130922065e-5;0.00021032454524785388 0.00010839862001560861 -7.404485386810162e-5;-4.47798085190303e-5 -6.532670382487486e-6 1.969626957480226e-5;-4.7017402417551234e-5 -0.0001032183675076163 4.3650491452998337e-5;-0.00019083255930335465 -0.000167915776313311 -5.421811323275849e-6;-9.143041689629449e-5 -9.546320585469877e-5 -6.0448642756466285e-5;0.00016281838984477084 -0.00023422481492761882 1.5673161961926977e-5;-0.00012127837517932527 0.00021626465789707132 -3.188230872990634e-5;-0.00022391864243018628 0.000183028203695089 5.541489071745643e-5;7.664172214362497e-5 -5.116354720952611e-5 2.5782471579094556e-5;-2.3141584414844915e-5 -0.00014275755671802292 -2.2472123500137262e-5;0.00010577696013375607 -0.00014129795670825981 -6.7398783965712e-5;-9.734873315075119e-5 -0.00010019339354487131 -6.668612899248291e-6;-0.00019589813859193742 3.0248557249718228e-5 -7.313539598309278e-5;-8.976299621375558e-5 1.619829209248623e-5 -6.891386337170523e-5;1.200879709850519e-6 -0.00022246229460194206 1.9359533516970483e-5;-0.00012275383175278624 8.742885567674715e-5 9.762889799004602e-5;-9.357568751525477e-5 0.00016867996210549762 -8.51057152478243e-5;2.1149108435896733e-5 4.311655392195445e-5 -3.094331721999418e-5;8.90913297402259e-5 -5.262306101804548e-5 -1.6349370745618795e-5;0.00017630904146778608 -0.00012365391402028257 -5.3327447566297296e-5;6.90557455466781e-5 3.2049057993902525e-5 -3.76901815984612e-5;-0.0002274398826738243 0.0001366725234422828 7.462497228778884e-5;-4.4578789848120975e-5 -0.00014298944377499572 -7.930208338326456e-5;-0.0001508470226341049 8.177594765711483e-5 -2.018465453531518e-5;-2.5712376219947398e-5 -0.00014119241756268986 7.281602152465325e-5;-6.921284477909156e-5 0.00012917335795684795 -2.7659917625935334e-5;-5.668613751562305e-5 -0.0001058606277251603 3.046014044338251e-5;-0.00012358439289207203 0.0001665360920428423 -7.021258803943548e-5;0.00010980666725885583 -3.116396008188502e-6 -2.6642674189065703e-5;0.0002434509422901119 0.00018702322649412746 4.948757866452509e-5;-1.0696148603783792e-6 -8.183464190788117e-5 -1.1165359961155806e-5;-0.00024561045226143365 -4.662540911668488e-5 4.993253525907759e-5;0.00023229934719909328 -9.352321640912194e-5 -1.369215884601684e-5;-6.005134099429152e-6 -0.00014043046184544216 -6.773903535023023e-5;7.109052929394376e-5 2.217952043472111e-5 5.648734187583347e-5;0.00012713450429411118 0.00021362771008009255 -7.956351475481063e-5;2.5582834488803078e-5 -8.49350723455324e-5 -2.3556140064245825e-5;0.00023425031790413217 3.140656285392016e-5 4.1580216661326634e-5;1.0102376369573036e-5 2.3211746157162653e-5 8.02758646832109e-5;-0.00010872024137517472 -2.703597371276705e-5 5.244031203518279e-5;0.0002139453411970956 -0.00023071914518207225 7.848908474594179e-5;9.266866332947643e-5 -1.678518994829498e-5 3.671120959928776e-5;-1.6395870330058285e-5 7.042631100182184e-5 1.4849119444858206e-5;-0.00016842588992062126 -0.00011892584248286315 5.6321780603702633e-5;-9.760704073943483e-5 -0.00010343304112629013 7.843794419556872e-5;5.12227513370797e-5 0.00016588390339153895 -9.616201419940941e-5;0.00023598129447933416 3.5111859403361195e-5 -3.7203492963784935e-5;-2.218198959414252e-5 0.00010121010131121276 9.994769097852632e-5;-0.00011173950253778939 7.929293215632988e-5 8.429466114524308e-5;-0.00015897691084238512 0.00016941412893953036 -9.303121985766807e-5;9.056802156374905e-5 -0.0002088041776230569 7.79797453192556e-5;-4.962187417085312e-5 -0.0002293521363707509 3.119021039368373e-5;0.00022290160949539153 -0.0001106891482269538 3.909061796744969e-5;7.379723574596459e-5 0.00017812415120529665 3.490594443498368e-5;-0.00014089463294261745 -0.00015482138613723108 6.11256877361647e-5;-9.670901607208835e-5 -0.00021264608957038627 -6.802352981097874e-5;0.00013836185005669066 2.478963566111806e-5 -9.876806953624749e-5;0.00010410519803335674 -6.663719493574913e-6 -7.323393224133769e-6;0.0001627779335863118 -0.00014602556613889776 0.00010370973646160675;0.0001437274844445678 -0.00023580387100152753 -6.512273331923366e-5;-0.00012287929670790982 5.296297578954975e-5 -9.105886901805036e-5;-0.00023354810946392534 5.111005013650469e-5 -7.35883910334756e-5;0.000245706323276047 1.0922365111451892e-5 -8.873838972251349e-5;-2.2646304298137245e-5 -3.602423914605545e-5 -9.107092031955733e-5;0.00024827228596910263 -0.00020548634194330817 -6.154804026720892e-5;8.184917691008594e-5 -0.00019782876462534608 -6.967367948518399e-5;-1.2329488162893299e-6 1.7259081223896795e-5 -4.601543823176703e-5;0.00015142071813663077 0.00022169689871680777 -2.867983583018768e-5;-0.00023733907771739156 -0.00020485870294289685 -1.935985739865508e-5;0.00010422486041020642 0.0001353850170640986 9.62369101245632e-5;-0.0002175884576759623 -5.332320762067306e-5 9.606378952650173e-5;-0.00018018238560549854 -9.743991437711507e-5 7.873206144049163e-5;-5.752169342042499e-5 1.30427726368823e-5 -7.691797834248038e-5;7.182465203791518e-6 3.5297421102553216e-5 2.266820721293424e-6;-3.854493335672067e-5 4.233722740548401e-5 -6.234948336446977e-5;-8.281088787143675e-5 -0.00011549538976972948 -3.998747237564104e-5;-8.003230333485991e-5 -1.2303305775473457e-6 -6.398156071092418e-5;-0.00011378326128410483 1.8438830831406521e-6 -9.59932214096936e-6;-2.789025879174499e-5 -0.0002456321406706638 1.984445107356388e-5;-1.0579363069296746e-5 0.00016297901200339464 1.2003811187301267e-5;0.0001839175720222705 -0.00021815725819113546 2.4005658870379308e-5;0.00013049641905147214 -9.217721474800263e-5 8.460889646074591e-5;8.803141646070538e-6 0.00016919357525630236 -7.116700128953471e-5;-0.0002436806925022452 8.202819488680386e-5 -5.2209568672258176e-5;-0.00016417338982193598 2.1826612852973702e-5 -5.780395736572742e-6;2.710377051814927e-6 -6.010056414172222e-5 -3.78750617927665e-5;0.00015677258664735185 0.00019596046277901865 -1.7746817385177507e-5;8.210493774728505e-5 0.00018474205737144624 -9.472993211966609e-5;-8.120668752961429e-5 1.5835596593836792e-5 8.803038294600293e-5;-0.00015597869068075413 -4.5817522670726244e-5 -3.494151821431681e-5;0.00019797861951419702 0.00010003384842440842 -3.53572675813305e-5;-0.00013752530783171666 -2.869817375696396e-5 -3.494366190068585e-5;4.8950200978175736e-5 0.00024583928107771143 9.353282232584594e-5;0.00011384628137535847 0.00014995555733809984 2.7424251293100868e-5;9.262531878554638e-5 0.00020993050111389562 1.792283137515352e-5;-0.0002198674475110752 0.00017381820223592647 -6.158399031793678e-5;-0.00013280589805840778 -0.00016100984170523794 4.951589646770542e-5;7.485850348678687e-5 -2.524202762183803e-5 7.310390145311527e-5;-0.0001820763014132611 6.586519908475245e-5 -3.940647256219932e-5;0.00018092815162285496 1.2970321767291511e-5 8.698014828100359e-6;-5.406940172434376e-5 0.0002132408518686963 -8.625552209179777e-5;2.5936177815813947e-5 -7.831708590031818e-5 -3.500419054562652e-5;9.051430127734593e-5 0.0001590598691293812 -7.265965558035313e-5;-0.00023573491601452866 -9.686624690186797e-5 7.889608393578886e-5;-0.00012526808213604435 -0.00010689958832364315 9.043939983193132e-5;-0.00019609600823985407 -0.00017165138492790716 3.474712829861268e-5;0.0001326462374309842 1.9696771005379484e-6 -6.173693376028885e-5;0.0002224561117129583 -7.346801409339227e-5 -7.295501291315288e-5;0.00012580837686561357 5.901147968659924e-5 -5.67099800463955e-5;0.00017520637318067055 0.00010118920351815747 -3.2875089289799526e-5;-0.00024000793157865908 -0.00010437681317013975 8.292445536150894e-5;-0.0002174933568715594 3.962931518005042e-5 -9.800358804470278e-5;0.0001690926210510589 -0.0002093569068680263 4.5234123634561086e-5;0.00021617790524881638 0.0001885477190882457 1.737705423504109e-5;-0.00023506981688843195 -6.246480907716947e-5 -5.15651520290695e-5;0.0002472875774591427 1.2249603662320707e-6 -4.0939186112133336e-5;0.0002465125551583657 -9.992303303760891e-6 -9.78058968279666e-5;0.00022730325188772022 -8.953633387460117e-5 -5.697387533486779e-5;0.00017825137142255491 -0.00021043326240873485 6.0038351520837134e-5;0.00020863743342531632 0.00016646625511465113 -7.541321242646329e-5;9.247503584114216e-5 -0.00018376406823357984 7.115430596744744e-5;-0.00014343503209396778 0.00018077934127097513 5.28744165205766e-5;-0.00019765476354611911 -7.335584509114666e-5 1.1212074393907112e-5;0.00021655487917318083 0.00022144163666715805 5.852384910307698e-5;-5.5747729085829904e-5 -4.094312003926039e-5 5.297739752095134e-5;9.25300250830328e-5 -4.876690715018449e-5 9.823558984845197e-5;5.062247434093035e-6 -0.00023774811652167707 -1.4390959802330195e-5;0.00022515485850666756 -8.445786249044118e-5 4.229015337113091e-5;6.884535094666327e-5 -0.00013017937937184477 7.227179965401328e-5;0.00016229534501136444 1.7021908948076977e-5 8.826657180298189e-5;0.00021832307055231158 0.00020493563966472825 3.410007232482902e-5;-0.0001532026884850859 -0.0001715154751296305 -8.048289324683414e-5;-0.00017776918898837414 0.00014245930518304913 -3.863462995623071e-5;0.0001865245798829476 3.32344265873556e-5 4.5951660520828226e-5;0.00013830087864474087 -0.00015254865499671503 4.544869245475049e-5;-0.00023758713405352724 1.1193823558517468e-5 2.0430290305817104e-5;0.00019492005206236607 3.377430116778657e-5 8.237991646159214e-5;-0.00014988084372264237 2.9652482246967847e-5 2.2073715098047286e-7;0.00019234708294610048 0.00022456235168258126 -3.593795672678826e-5;0.00018938564363505403 -5.357710153254279e-5 -1.0068898257338984e-5;6.33674127924576e-5 -6.42922878210255e-5 -9.396534387467816e-5;0.0002251474958404554 6.37724457076381e-6 -4.649937510457134e-5;-1.8825528403972026e-5 -0.00017642302103712055 5.293785154372721e-6;0.00010819820517184289 0.00022373563989507936 5.88831717837698e-5;0.00015475121997738847 2.171313228386353e-5 6.067468462079586e-5;-0.00010725577343755921 2.6760078853273576e-5 -4.8198180492050994e-5;9.464790416826377e-5 4.4229584420831495e-6 -6.982217157893111e-5;0.00010534716810285845 -0.0001796215957220382 -1.1546429015866078e-6;8.190989580740608e-5 -0.00017506237277770592 6.053919648140265e-5;0.00022819108505396592 -7.152290195229625e-5 -5.831791924492856e-5;-0.0001701464912737462 -8.698900256792251e-5 -1.6233045224574362e-5;-6.488657738182258e-5 -0.00014951083626942808 1.2508962785972015e-5;0.00023729197839771039 4.165730115701249e-5 -9.55698483242378e-5;5.3714037904756436e-5 4.647465184416979e-5 -9.010374431986244e-6;-1.8368657313359563e-5 -6.880271966745029e-5 -2.8847912312083548e-5;-0.00011663852100280522 0.000193338001412445 1.2363015144284459e-5;0.00024802943285860777 1.6703223202820636e-5 3.367407841830466e-5;9.922901748674444e-5 0.0001452560226030556 8.93404098655257e-5;8.956810619514546e-5 -0.00024200900632124377 -3.851049212518619e-5;1.644011095577675e-5 5.405778998224316e-5 -9.567949638648075e-5;0.0002315989664335305 0.00019675921954666884 1.4013327311985718e-5;0.00021436918351179344 0.00020747903176129747 7.69304894007982e-5;0.00017975953291700427 -2.13440496865203e-5 -2.879229787013748e-6;-2.3476695293962447e-5 0.00019664546024727168 9.44290212081093e-5;0.00020058718386559984 3.473371615594412e-5 9.390146130638713e-5;-0.00022928645888675963 -7.246877229383768e-5 8.220046289303181e-5;0.00012184076926696088 2.679446612298766e-5 9.343413525916146e-5;-2.9972304114978548e-5 0.00014982040465578587 8.238887570066042e-5;0.000179415067774999 -0.00020026211182659623 5.91922901803864e-5;-4.6832702862825106e-5 0.0001527409188648735 -8.920035521187164e-5;0.00012149590803236916 -0.00016523535104851316 -6.332847310410223e-5;7.735123267601853e-5 8.770319065779426e-5 7.830902083031279e-5;-5.060283786556351e-5 -8.475988901125395e-6 -8.991754582303788e-5;0.00023153092130488335 0.00013356576733200706 4.1699432961430713e-5;-9.244965652076379e-5 1.5306670145624356e-5 3.7606410853957754e-5;-0.0002106766389947511 -0.00011912290288166032 -4.258700902460724e-5;0.00014848076430652667 0.00017865903538891387 -2.9345064926658303e-5;-0.0002190840746621261 0.0002140357875599942 -4.9794068001229333e-5;-0.0002424545208400305 -0.0001719363800501448 -1.6734198253614784e-5;-4.046920636087229e-6 -0.00023466610310722178 5.647198351679057e-5;-7.127733867788716e-5 -4.682468586756958e-5 9.777606901346601e-5;0.0001988395690846676 -0.00012654727540254337 7.962740145652255e-5;-8.66660428029837e-5 -5.158574958749318e-5 -2.599859727334699e-5;0.00019504252490339075 -0.00022473273365997788 -7.828238812843291e-5;-0.000212554379577689 -0.000154168856528785 -9.470526866449093e-5;0.00021381555097650388 -4.9617028021518465e-5 0.00011445467701871791;-3.24876368585282e-6 0.00018165557932445917 5.9341566696658695e-5;-5.0461313264133834e-5 -1.7241734890366483e-5 8.990818273589115e-5;-0.0002215535817694927 7.767372443637954e-5 2.9768153798597786e-5;2.0340506804688875e-5 -0.00018937317396142483 4.736962674662453e-5;-2.883050793705735e-5 0.00023583234989259884 -4.944578619904567e-5;-0.00014434948833464794 -0.0001978784072583056 1.7867838354095448e-5;-3.635048745721292e-5 -0.0001799736516721143 -7.030339682807666e-5;3.968910214623015e-5 0.00023149292343358264 1.8504904245929702e-6;5.2218504425387406e-5 -1.7690123683810022e-5 9.639490606101568e-5;-0.00023326380290809436 -0.00011598437961755719 3.015456212047613e-5;4.9923033614020404e-5 8.773200654794757e-5 7.226893756977119e-5;-0.00011149884839840632 -0.00017861291657398569 4.307953826771642e-5;0.00011354277466080662 9.82340480775819e-5 9.009765294452388e-5;0.00013231101803378126 0.0002192909568490648 5.64050378309327e-6;-0.00019030449980122227 0.00018373328504050324 -7.732382896035612e-6;4.0005534699258585e-5 0.00023649756314342117 3.767610262808236e-5;-0.00011577545740439224 7.592864973096979e-6 -1.7051159291075627e-5;-4.650625306409206e-5 0.00019938286522570305 9.464032305239305e-5;0.00018658263020087152 0.00023054994720812783 7.998021694288743e-5;4.7272357951456084e-5 9.476963781520582e-5 7.541590505859978e-5;-4.1298852161974384e-5 0.00020131972007538708 -8.558298059264068e-5;-0.00012384445194250516 -3.813260318408449e-5 4.987531135874593e-5;0.00010038934538556102 0.00017235033324705724 9.452942039734487e-5;0.00020301658091443896 0.00018525122193837693 -8.09726938839969e-5;4.770205685450992e-5 1.6360132124515717e-5 -7.644727652798572e-6;9.62674648630688e-5 0.00010046173110783073 -5.098903937865379e-5;-4.96870115563277e-5 0.0002446662302888226 2.9960721452440074e-5;0.0002392092945804799 -0.00016344451056223716 -2.6822849004362417e-5;7.910405025922708e-5 4.320650645337263e-5 -1.8193496358116044e-5;-4.856332851538383e-5 -0.00022276086647318169 -1.759839485881661e-5;-0.00023087528562416837 8.945021792051064e-5 2.4959686309262933e-5;0.00014575196677724583 -0.00020320638953862216 7.235183310161539e-5;0.0001545680010234876 -0.00018949678646841702 -3.648478901869943e-5;-6.996154841887213e-5 -3.197329840759654e-5 -8.999361679023845e-5;0.0001222844201455417 1.346079736309268e-5 5.2787909643369135e-5;-0.00024938040491550494 7.788368338134042e-5 -1.7163388111070054e-5;4.589187450284968e-5 0.00022569930800865682 7.930409943843905e-5;0.00024184429050184245 -0.00018517932018788136 -5.5277429070470105e-5;-0.00015237826498543715 -0.00023077676369492647 -8.840830366920634e-5;0.00011602584693085854 -0.00021749192847197549 -3.3464662659113614e-5;-0.00019133647894841344 0.00014843508607704803 -3.7035923149756658e-6;0.00011486533356673693 -3.433414124149111e-5 -3.733822074380556e-5;0.00020728831620932944 -8.449847169426431e-5 -6.863524990925934e-5;5.5417672754610566e-5 -0.00018021704018095564 5.428196355816833e-5;0.00017044053940862947 -0.00015446563417974543 7.927219127708415e-5;3.655779005812348e-5 4.444937269816915e-5 1.1740722881242893e-5;0.00011908673960397662 0.00017650401933826665 -6.09536099184395e-5;0.0002093321363845157 0.00020425131366563282 -4.6092049973212944e-5;-8.2910041870362e-5 -0.0002092011482767065 4.285301945483609e-5;0.00012118033714842427 -0.00019158164367394183 -2.3223459174417904e-5;0.00024296560387346655 -0.0001028620480824644 4.633920492192062e-5;0.00010942614441391994 7.107138540941824e-5 5.435305159425687e-5; 0 0 0]
zeros(513,3)
zeros(1,513)
[1e-4*ones(1,512) 8e2]
[1e-3*ones(1,512) 0.2]
[1e3 0.001 0 5e-19 0 0.5 0.5 1e2 1 1]
