-------------------------------------------------------------
|  Simulation Setup file:                               	|
| - Initial parameters are in order: positions,     		|
|   linear velocities, angular velocities (vectors)  	 	|
|   charges, masses, radii (scalars).              	     	|
| - Run settings are as follows:                         	|
|   [Max steps, Delta T, Co. of Restitution,             	|
|   A, B, muS, muD, k, render warp, Gradient mode]. 		|
| - For random positions, set 1st line as "Rand";		|
|	for n identical particles, set 2nd line as n		|
|	otherwise set as "Rand" and specify radii and masses	|
|	as normal.						|
-------------------------------------------------------------

Settings:
[0.09302181639039882 0.09039934813000043 0.03542777907254607;0.09482035714492316 0.07815616478316069 0.03503043062751016;0.0952646592795806 0.058171545682967604 0.03575989750424372;0.09445560218308 0.07014119489160289 0.035029023830336216;0.06602007030425114 0.10273903046638627 0.03615184452934031;0.06882721000542019 0.09584609092960023 0.034852804272468986;0.10272664872405296 0.07285087965143544 0.03410297969521142;0.06859630928373192 0.053481311328144744 0.03528535889415049;0.09639915367922143 0.08922891095328549 0.035671463699672376;0.0736698718940732 0.10300171554669464 0.03407198698879004;0.051648678162020595 0.07489822460974943 0.03465797174261825;0.09358185287053737 0.05506007429629872 0.03416954663741096;0.09618303437381633 0.055381307806427374 0.035511570024237736;0.07094678696064814 0.09637321609602441 0.03485227169707986;0.09373586011022127 0.025152633262999505 0.028923526408734464;0.06805209144424294 0.047813715622679345 0.03590512770335544;0.07665941832158331 0.10037478535074802 0.034424095997754006;-0.7926938642374649 -0.44332000095970486 -0.12832481046420077;0.04899381782960046 0.08210618834191616 0.034241651462382165;0.07176811509753535 0.05528580598699009 0.03502271990044551;0.06362237683430201 0.1020503701999669 0.03617981301155724;0.09870288895753485 0.060353019883690455 0.035966652113831904;0.1015454411194219 0.07822208102156511 0.03581217267256535;0.07814354188447714 0.10768136186138796 0.03672485437475847;0.07011571224824213 0.0378978191120381 0.037118107468720817;0.05773210341726791 0.05932384215057965 0.03465668380220633;0.10138384703788969 0.07487969035592393 0.03429719229198725;0.05118424686013031 0.08299551017609258 0.03445517404931475;0.05504903922662355 0.09280351912026573 0.03531977106975512;0.049599303294744684 0.06844921435518737 0.03574677547583065;0.06510074009688235 0.0961000999349275 0.035382045475463725;0.08047160132401614 0.0500099819879126 0.034399029802187946;0.041326993221228736 0.07230933212360448 0.03326354658200252;0.0691615660064228 0.048116418960421126 0.034122877771366404;0.09189688321767005 0.05281792532932472 0.03434404544922934;0.0949728288694972 0.05656041199789522 0.03424028636403476;-0.035937774455321696 0.16694953415032635 -0.02299888583536344;0.05501955155454844 0.07488123080682528 0.03502319490700946;0.058690199556324 0.09667297686753762 0.03419618221064321;0.08731612302881311 0.0935560190677037 0.034800337958146264;0.01711695334503349 0.023527936531445855 0.02045837298124642;0.04841445381618672 0.07940752634935345 0.03584208261921671;0.06485029605618979 0.05780327455399041 0.035021981197851326;0.09457584982572925 0.09345193859809488 0.03546895202766095;0.05513235175368657 0.07288440834217788 0.035022878818534754;0.09673897847545168 0.0836839234226615 0.035393327457565724;0.06523534755742753 0.10089620134151074 0.03591621772035025;0.06479629811140525 0.09419529679293512 0.03485085876226079;0.052926694672412844 0.06814739302203393 0.03535911268905568;0.05646091044649443 0.08832191489649006 0.035303755881698984;0.09966333767364338 0.07909597908508728 0.03558649603546748;0.09169747006197518 0.09190941550959066 0.0354350136708783;0.09781401267922636 0.0894720739599114 0.03421645522664633;0.0484697795055408 0.038912946873902975 0.03572817832683005;0.06676180794412788 0.0951205288706209 0.03485161652470187;0.05085328551256867 0.08097777142462012 0.035571533787324354;0.025257790968545468 0.0775963684208653 0.04029780505622075;0.05164645819276404 0.07277134473780164 0.03540123440964383;0.07041599717763584 0.050464005484287755 0.03445994401256436;0.08606775400709553 0.0509981965885669 0.03576867748482076;0.09776291606966124 0.06057245007854513 0.03421475845473778;-0.3163497761557854 -0.2797267277650518 0.051745537133050946;0.06397114385445828 0.09934995867525438 0.03581157784518653;-0.12642163771068685 0.12789701846500748 0.03163731639271567;0.09479798776207445 0.08413043904299651 0.035211452994944485;0.08412453479084189 0.09731774429929785 0.034586677654959375;0.056229606247443116 0.09018660264945327 0.03459216693422954;0.0923974932995979 0.08631082814825133 0.03509959944456288;0.050541082827777584 0.06398846330223579 0.03421827426708037;0.09726869051893386 0.08123546236688123 0.03536029105630548;0.04822631548868013 0.07124100141622433 0.034189588609510296;0.06384028694069037 0.10076242289121852 0.03439878029570415;0.09386930369904736 0.06822369773163675 0.03502860264538574;0.07239319197707283 0.050162848963756855 0.034458889349262875;0.10069387019861437 0.08416513916849332 0.03417976580308857;0.04865680133707102 0.07637360864203815 0.03576596536146088;0.08241352596314691 0.05048810215026582 0.03438223342667713;0.10102242013566991 0.06364896422103276 0.036036361364657245;0.049886771742223696 0.07479826177776155 0.035602584051638485;0.05028148058421279 0.0783998193058921 0.0355820751709436;0.062381524764356086 0.05001063443111349 0.035984311962009415;0.1012741992927546 0.08282080644137482 0.03590354087415761;0.09376372708135715 0.058141922575268054 0.034438404404787196;0.07127019093277923 0.04661250305035212 0.034131040397214284;0.05285440945059345 0.060864087495053114 0.034288934777100426;0.09484890260172234 0.07210213764444445 0.035029418035166675;0.04949316962651075 0.06486446519505314 0.03580876081973881;0.08797555592760571 0.09032641133798727 0.03503132176840102;0.09763129426981519 0.06622397878894139 0.03549708498979757;0.04765852903254819 0.06890389488889248 0.035934752521145016;0.06163090106536403 0.06016958564159054 0.03502183712141278;0.09595969868546107 0.06729835960229211 0.035270301403053116;0.07309072707741791 0.09667598062791538 0.03520704809487328;0.04970352311740031 0.07987472639912974 0.03436121046744079;0.053680898001225295 0.06999475530184698 0.035223993983040255;0.06657948820582639 0.04936056200783427 0.034245312669724484;-0.03117613262005766 -0.08907090341281594 0.1592036498840141;0.05544799873001332 0.07090947716860638 0.03502259994288923;0.08230962042955449 0.054262826890569354 0.03481560408724356;0.08163542400393757 0.056134127009617764 0.03502451954782092;0.06253659197976337 0.09916078542274191 0.034188654953826454;0.05300207531367608 0.0872394865723191 0.035609266713552315;0.0993675857792855 0.0667966060076996 0.03438136132957101;0.05347626706223745 0.08555026966588916 0.03458828506477288;0.08535005580751712 0.09363294559587451 0.03515888406051151;0.05856651291321387 0.052209281823681467 0.034558827825675036;0.07184613747698776 0.04773269211207554 0.03591071254646475;0.05338370669831013 0.07193266100604871 0.034828189279438176;0.06214077898535222 0.05516275054948602 0.03461928360312793;0.062855573757395 0.052453158274492116 0.03437727655457902;0.07774830130973798 0.055201544279155954 0.0350237076763647;0.09596914221642093 0.06155081691657207 0.034479661993280016;0.055031734797493244 0.08403617167652257 0.034823923675831814;0.06347093672887406 0.04819958474235549 0.036156466673318705;0.2501543713890111 -0.8732039997176195 -0.020311606621163464;0.05917300913156428 0.0872667509995295 0.03502661416327286;0.06020244794820197 0.05470260661725568 0.034438124559543204;0.05328973685475605 0.07389440308494495 0.03520636034801472;0.09695482462552439 0.07109160708846987 0.03479240905111754;0.05870368090131594 0.09093734486321879 0.03531892062779379;0.09655637067646793 0.06011067562647397 0.03574120314906279;0.09898635772004118 0.0806474611487917 0.034521332064244604;0.06587286248717418 0.05502992329171403 0.03523040682537388;0.052951690225027985 0.062333059810472394 0.03564267618662627;0.097943737805395 0.09233874229815196 0.034575056240783025;0.29272269946419177 -0.1089886499508391 0.05212672706847127;0.09435569098226186 0.0860368093860065 0.034799077980864235;0.1001862940065669 0.08833859122575043 0.035921884735944445;0.10370108769482923 0.07337758351390622 0.03609190287429711;0.08886639039950235 0.0948002774567798 0.03458022628433521;0.05827221409019857 0.054212519354372046 0.03423974943218878;0.0924516005810899 0.054537999440408574 0.03582879021668792;-0.09765461003349961 -0.02970037920385352 -0.16288078498145186;0.050267234554120854 0.07133499260739205 0.035586962729639605;0.09499859519855215 0.08782100869228382 0.03543414073063582;0.0666215976193114 0.05318233843005609 0.0353909783744475;0.06394385712219743 0.10270499932144841 0.0339341632212387;0.06168316378138381 0.053495767239075384 0.035624999161879195;0.05873798789528313 0.0557678412777927 0.035611995695928926;0.07651251170500831 0.05318724089922387 0.034826246510137965;-0.01884876547437617 0.07415827298786258 0.057287041067736764;-0.10119451843621591 1.0267036878672633 0.03515216132143602;0.07756437055570584 0.05156988608386733 0.03541024807818111;0.06680768621302458 0.09967670932334251 0.03571485337441409;0.06294026177949211 0.09099403188887116 0.03502723013452789;0.09748511269816926 0.0619761007289729 0.03571290530626587;0.06527057746728868 0.05087140362446406 0.03432470235188636;0.055977113474570975 0.05902403689756218 0.03556863907881354;0.08014618141179833 0.09541688097899338 0.03494928667931565;0.09030915697755951 0.09320685253152261 0.03462644096229894;0.08070840700268934 0.048040809842295536 0.03414170788317835;0.05040565598184431 0.09054661376903372 0.0351996818030063;0.09277099821568414 0.08434723765235454 0.03503112358400355;0.050301313775740604 0.08485359145478831 0.03426620107992341;0.07455010991588966 0.05323437275555987 0.0352092070842547;0.0662217369554934 0.04542941890652498 0.03636583541100955;0.09598097312324207 0.06535903990133143 0.034700158818715236;0.09056402650807191 0.057536245965434475 0.03465996554300401;0.09462282457110528 0.08957395247519549 0.03454754765993828;0.07070306056528777 0.1015548782647606 0.03583397426260188;0.09091541024759218 0.05579468290541377 0.03557833531147942;0.09511651588444871 0.05965774480003632 0.034429648241650505;0.09092806134288109 0.09496564190167692 0.03565276960197108;0.10896662033964219 0.10118229366238757 0.033255339690352714;0.07144575449018767 0.10264505260241447 0.03420965326447153;0.06472740907156017 0.09220409391974937 0.035027732461242564;0.09208301285959913 0.058586535185260205 0.035427523284068646;0.05608143970193298 0.12499027195965101 0.04124921851626779;0.05871692233785356 0.10011862518149987 0.036011317729360955;0.09621021280931659 0.09129737974209838 0.034253454492779015;0.0982837815571509 0.08274795943566245 0.03453455277173383;0.08309096848687351 0.09522772274803697 0.03485319147583974;0.089489648038266 0.09635683142109278 0.035686976547033906;0.05254197466055219 0.0815407071675932 0.03465524825603477;0.10172571932788146 0.06598558862710038 0.03601467797317815;0.0511606797774033 0.06852104852108544 0.03449893532354917;0.09765320966198654 0.058450514401908356 0.03599371783558643;0.0684781356997 0.04998256342163573 0.03434691727915925;0.06572573841192922 0.09800034584485257 0.035561936823024824;0.07725613483638134 0.09673994030219607 0.034843747754689056;0.057389771255629884 0.05757273793273489 0.03556063294440778;0.0997112017133235 0.058623189124470926 0.03570702354962977;0.07868376727787586 0.04803661572809458 0.034189413322856986;0.05204289977732082 0.0793283816236996 0.035389411112385596;0.07538755420937454 0.04689826805099935 0.03559753347802426;0.05535089496498277 0.0689126917527157 0.03496500390688886;0.050865473949020544 0.06690145419453747 0.03564610610179219;0.07412963933969903 0.09830430127597288 0.034677313745797154;0.0757558165147426 0.05502845515980309 0.03502334626872427;0.07339843659200804 0.048984300633631975 0.03572458437577701;0.0758202550190698 0.1016726336899858 0.035804902133513776;0.06950353866661636 0.09765230281753577 0.03538217649861494;0.2858067179710479 -0.04145132923976412 -0.07155091078680595;0.09342600325094536 0.09215560398890443 0.034458082509334076;0.06814876220493864 0.09882802939631044 0.034497815953722935;0.05182344058052228 0.07042941338235371 0.0346232463960764;0.12450844866796493 0.09343036722820314 0.04029438712255791;0.05268444846636837 0.06392680461800204 0.034464371594804914;0.09829307338323125 0.0697582110577926 0.03544897433687187;0.10098690060344051 0.07623478343811207 0.035716440951149515;0.09845897962742907 0.05836267394951606 0.03396104167000607;0.10152166132109566 0.06964804526982611 0.03585518114909267;0.10212582742638909 0.07684531803590189 0.03419002873751123;0.08403220094493657 0.05107174725493391 0.03566020728321453;0.1004254675539264 0.0677703694916245 0.03577160569626019;0.06191146320443116 0.10124167004404222 0.03417500777428679;0.0852476487312045 0.05582774798673777 0.034844223246873085;0.09504357292490806 0.0741676585050535 0.03502979472825726;0.10255003127108119 0.07500434251258783 0.0359226069170771;0.05396906465302212 0.06516116390636194 0.03537324703242388;0.06115000895556827 0.051583878001111846 0.035877526521071276;0.06802963236609105 0.1027129959354612 0.034010712934732644;0.10744330218266762 0.06964972972987485 0.036171371191170844;0.07625403011482677 0.09501922679574062 0.03503013304691381;0.062158695019619764 0.1001896116452208 0.03591159920737184;0.04312185511508976 0.08023895785039455 0.033830078418245715;0.09426563218768216 0.08064230623131038 0.03503075445161952;0.06443324614484605 0.04893483125697294 0.034074400531893104;0.05109836536423856 0.08657270503828282 0.03498052007689081;0.09344890153153604 0.06350799077794263 0.035204958695914966;0.07424443831839832 0.09504905555110811 0.035029808069316395;0.08525798542535791 0.05781947188869653 0.03502541057984739;0.0981840767033306 0.08832424912638848 0.035811926008466374;0.08272217459487652 0.09841463428366919 0.03552568660395088;0.07113655106938749 0.048607206780925734 0.03423758983807985;0.0573170307421651 0.0865222270063392 0.03513564387465451;0.07375531629601643 0.0550600777788611 0.035023012896958645;0.08699288337876626 0.09543037092550354 0.03542637414740109;0.08348948316520166 0.056884890328978414 0.035024956659522676;0.09944679170416716 0.08386792841246732 0.035714812443529836;0.090851697266077 0.06009943545521206 0.034846218844649515;0.06100211265046084 0.058280846389379 0.034828909559225525;0.059475004807653595 0.04956224199840186 0.0347406201921285;0.06882735286175565 0.04556390050224397 0.035199896806126306;0.07801058331000188 0.0988004638880351 0.03545348717834743;0.048631712238649684 0.07246964825194187 0.0357807511078212;0.09360997089912235 0.08253173241887113 0.03503095908242968;0.055101319551880405 0.07687961220066127 0.03502354510306086;0.04554806166557619 0.0668654751274511 0.036353886750926157;0.0812770120514573 0.051834162982297934 0.03546524916396632;0.06389563988558283 0.0514047082351322 0.03572642721462366;0.04492127402601323 0.036723574496309225 0.03240293515527058;0.10136622801632995 0.06673173093462216 0.03412491959045012;0.06290630839250301 0.10457875475282408 0.033714256940203156;0.059577062380378916 0.09737371247376438 0.03586856717850813;0.04557463533325267 0.06886394352072793 0.03507893377299695;0.06363324151599747 0.05411348516164969 0.03543918201715982;0.05976153425296834 0.09495336589054433 0.034454154778012606;0.10325386671289538 0.07013587153837704 0.03398017911555827;0.05862221858283731 0.09366276559517114 0.03556574011426472;0.05650843787897978 0.09401076388602886 0.0346450354837878;0.04993911331773323 0.0731718957676222 0.03443976049016353;0.06414286768744147 0.05594405293403255 0.03481535243444898;0.08339346584800816 0.09323879191819728 0.035031040887981896;0.07505417229846333 0.09983946390822981 0.035564996665270646;0.10333095177930494 0.06735511456914872 0.034027773118561006;0.05463433581368577 0.08784532786838685 0.03462037742203986;0.09303929676810908 0.08819717151396128 0.03527205262318823;0.049720186936789104 0.08325801899657803 0.035794242070482166;0.09235616228467095 0.05661933223776531 0.034430117015442;0.08244785919732113 0.047365226790527654 0.034877719918976334;0.07846036586052572 0.05000963019956742 0.03442898224618847;0.06608209542018331 0.10351257748905877 0.03426015019282285;0.060214939667279414 0.061582018788399084 0.035021835558171815;0.055864370876596715 0.08080106712042763 0.035024327343405354;0.08870170176131036 0.09217937478133023 0.03523028580982815;0.14986998189910788 0.08776575563449669 0.0489233821346558;0.08298419322301429 0.05239403453657819 0.03458628722962538;0.07450715115019993 0.10318623025170669 0.03601178678625218;0.0955661369267672 0.08215479532731818 0.034853889666196014;0.05309753938009294 0.08356136145163749 0.034641209687912955;0.05650279946784732 0.08269645506584643 0.03502670656357444;0.10305481447843992 0.0819125404642811 0.03583705941214749;0.05184914757564213 0.07717506444886794 0.035376499415018484;0.08943914639943316 0.08895708592972969 0.03503133780183687;0.058267146686292404 0.08904579743577867 0.0348366416219953;0.054003468105826236 0.05806486248899421 0.034893728096182804;0.05232588823105576 0.08982361230559927 0.03440112940941531;0.05149251413216792 0.06500159576181455 0.03565769581097203;0.09364910086414936 0.05286185904299099 0.03606679074315611;0.05975449786689575 0.09897909039165337 0.034679308878116065;0.04842014469393477 0.07500916044480503 0.03425285157747343;0.09022794723518346 0.061991062287105984 0.035026943713542105;0.06485429581991232 0.0528169816244344 0.03452892710907869;0.07258172565991275 0.05345047887693041 0.03484458685456008;0.04048849612582045 0.06462003646682925 0.03281547429531043;0.04704372013259793 0.07716476795424705 0.034769840654264826;-0.008947068311441205 0.1625774843254489 -0.0047094551314884655;0.06716712310905401 0.05148683267666802 0.03448117371381862;0.060805814914039046 0.0972946182017985 0.03428835581846159;0.06834690477815397 0.09391257278722748 0.03502862686437226;0.09787965761859288 0.07897013246602727 0.034690643510530465;0.09779526261864255 0.06801066485076504 0.034613350321914364;0.09815670452007458 0.08474393224415255 0.034462525391532654;0.09667733960075298 0.07302809445685761 0.03520795558880675;0.05179392827321798 0.08473852027603807 0.03559764304612353;0.06603756044069259 0.04801614441639696 0.03566992591269153;0.06095758234422592 0.09074730513105875 0.03511706680511275;0.07297317145131985 0.04780768812054844 0.03415993911469785;0.061170386781339244 0.09581247120880367 0.0355845793029196;0.10637587231092156 -0.03575689391443888 0.06982416606047957;0.04760538081574467 0.07316490536349012 0.03413171477734033;0.06993546970408034 0.047134877174574444 0.036031122553749746;0.09810478490649639 0.0863302267031391 0.03567944547308772;0.0690676486549155 0.051547759386540624 0.03548338217339535;0.057219436822736586 0.05591479997609346 0.034313141985865436;0.0990428838716447 0.06348495673715729 0.035801713854885425;0.06981139437113346 0.055710487461192996 0.03502246254868971;0.09503335963806729 0.07616757617339746 0.035030131688783536;0.07620860179876959 0.09844065312132502 0.034660638691169976;0.07441011864183396 0.050175961016237114 0.03447746067067339;0.10465529166256746 0.07176525462435165 0.035326305374116476;0.03870277461005521 0.037370666521107286 0.02907959909490004;0.0578375389286033 0.06479249264502217 0.03502197531872403;0.08501177942949073 0.04998892658117857 0.034237365407042135;0.10170295253705197 0.07295863651795129 0.03581779177180658;0.08495317922246655 0.09880995252492392 0.035631916367088005;0.050486093392221515 0.060357941952078796 0.034548211407236636;0.05487948069202755 0.06182908267834769 0.03547153887381732;0.07824277577580858 0.09480827237741885 0.035030473987230686;0.10025457797349656 0.0775771470286322 0.03442739082069298;0.09604035230789705 0.07973335130198911 0.03487582317403928;0.05386133116451002 0.0801427597088668 0.035207522463639944;0.06649127168421007 0.09314684105500276 0.03502818759632886;0.07971679922941355 0.05556920492443573 0.03502410098551512;0.07137924617167891 0.04561983801397822 0.036202025522241305;0.09622431559439801 0.06923014483999507 0.03482530879413119;0.07527916726316321 0.09675615133415563 0.03520699272213341;0.05824884788215342 0.06126083781443187 0.035198636299184044;0.09425283230138898 0.06626405017792972 0.03514118886257216;0.06953520019190884 0.10141189764394185 0.03421657951428252;0.09987544320068092 0.06912446256114436 0.03440188920086647;0.0931721145225833 0.06007119682627839 0.03464714454371685;0.06964647482115537 0.04916048428075627 0.03576712371350821;0.050226601164327 0.07642164278109664 0.03448039871651995;0.061492555251699055 0.10240909789391182 0.03632598975958047;0.08896841792293923 0.05655662959938441 0.03536270958319869;0.03969067020453642 0.06276677780024441 0.03679877279407721;0.11673504327842005 0.0926243255790332 0.038956758145585434;0.0869734649914174 0.05222690999214984 0.03439391378271981;0.10140526000882308 0.0708503904055087 0.03424976658364217;0.06956808115634447 0.10310928460927483 0.035276322198328235;0.06251497260532471 0.05703259894121119 0.03522202684832769;0.08612491089627067 0.09723720067734742 0.03520708933111338;0.07826870517417314 0.019975228319937994 0.037595809262459895;0.04968365550952278 0.06987688817701401 0.03434870517134343;0.06049390220823322 0.08880350346613881 0.035026450768739247;0.15489330877680693 0.20047362539939032 -0.017171577774450008;0.0722525872216291 0.09486879385769166 0.03502944420107344;0.07028826348006165 0.09449180669713478 0.03502905108801833;-0.0523577315684502 -0.04658923448387798 -0.06421233030125258;0.0565676156936557 0.067319268193621 0.035022184345603655;0.0737425508588871 0.04601693253253282 0.03465130894846665;0.07173442759719902 0.10067198091142622 0.034362106698736496;0.07053033032720143 0.053725743710286954 0.03483816549185783;0.08148765005895117 0.04898485664533935 0.03579744726313961;0.06540292245054688 0.09951807906568456 0.03430013474133945;0.05541695115481522 0.086009797622552 0.0347639342564873;0.055384328466750024 0.07885951379890356 0.035023923577029825;0.06062328775060412 0.05640374356811924 0.035405927197405394;0.08072322052484666 0.09824790125007025 0.03472400027947786;0.06789527109542921 0.10376389492333461 0.036167701671471535;0.05353682139619778 0.07811320950505819 0.0348489840282905;0.05459415610309853 0.06705378590423787 0.03520828123416753;0.09669891866633665 0.08730478607962432 0.03448532298528468;0.047318121172190426 0.07088547532991002 0.03598554346749266;0.07329758973347723 0.1048368189380134 0.03581441334711771;0.07152838091670473 0.10339009673750502 0.03607107885789134;0.09746310197112329 0.0909060945294641 0.03590653593785484;0.06273041559741976 0.09496944792595136 0.034658227803067064;0.059158373760771446 0.05753258265573443 0.03462706214452593;0.08695404514698962 0.05888004007832705 0.03502078857906177;0.05885623210848435 0.10066424583653562 0.034072166254476725;0.09855401758827284 0.07723556610902044 0.03542304660006544;0.08814342662713505 0.05138153072364045 0.03585024212699496;0.08043155456898404 0.053712820201412506 0.035231054808541044;0.10333045362585035 0.07525538969841895 0.03403051048588609;0.052023866176640385 0.06003095363906267 0.03590684382138491;0.13949245910675778 0.05687677804019471 0.02455275534114574;0.05640742998369732 0.05498685735517728 0.03589282669320406;0.09976256314744557 0.060494552254852105 0.03417635155456539;0.10253590163471633 0.06793433958474837 0.03604630538449917;0.09946420724409993 0.0756888754375108 0.03454036423516361;0.10221212182504362 0.08457106883034093 0.035416741871475144;0.05638271655444068 0.060800162763886376 0.034646021160608415;0.04946778627560106 0.06712947644558845 0.03423098995006763;0.09039672029639631 0.05429393603340583 0.03436190821879634;0.10245836254513484 0.08950671295287999 0.03615664372793575;0.06095892426630029 0.0419382503726929 0.033867473223855984;0.10183402957201639 0.06867747943886968 0.034134627388744274;0.10303685591930534 0.07861867713741807 0.034348783406475535;0.09220272273607744 0.06172926748440939 0.035204145645824546;0.08367564096055605 0.049113482258051136 0.03546405431393146;0.06674329420097633 0.11188903636051255 0.03391392642137661;0.09419100062412124 0.06162304703926899 0.0353922826676312;0.06294777651854704 0.09673672663446455 0.035568869468455236;0.05255222434288082 0.06634438702591948 0.03457065466170386;0.10517421967338297 0.04676208985105245 0.03261067765945616;0.06318213790042342 0.058907252091079845 0.03502188120506423;0.0888509385613004 0.06054062190228918 0.03502647026422557;0.12766727642512554 0.08964489748116515 0.03736099314016071;0.09877515790977007 0.06229698246535203 0.03421509330113425;0.0984944597597964 0.07222066403847048 0.03542264816893626;0.10276571611945425 0.0712038404177416 0.035675641910800755;0.08801055683886279 0.09683506121535398 0.03442788866466579;0.054458695799747756 0.027011247710099898 0.038658170053862774;0.0465582249921924 0.07281466447881615 0.035798751608603886;0.10057137074362633 0.08087381574122784 0.03574524210847311;0.07646048634093398 0.05000803314520901 0.034452695506360834;0.046340344053363625 0.0704693930565352 0.034059529710626806;0.10007803789627148 0.07410383594092695 0.035598305547908375;0.09684217000165352 0.07533476411109953 0.03521635302981374;0.07395689305786543 0.10099749090259007 0.034347018162300076;0.056956756619356834 0.06300547298761827 0.03519740714362402;0.08171441848992078 0.09660997198102482 0.03530272031152402;0.09399331388988115 0.052902638791966064 0.0339481456688148;0.05810462332051065 0.04608728108041939 0.036350064278817915;0.08153663386416778 0.09398174819796182 0.03503085542065847;0.10113581811072647 0.07945549231546553 0.034281705160176555;0.05333891025432528 0.07595071713283837 0.03484601077732913;0.10021179001780747 0.07248483007386548 0.03443172036775137;0.08699570296887642 0.056846380064183535 0.03520763428678977;0.09145799966978797 0.06357690282469512 0.03502741590731853;0.10060164091353445 0.06444303421153733 0.03411926158131211;0.05460740540917882 0.059908537255521935 0.034406070670230084;0.05216627184064863 0.05777540751986354 0.0341562308244532;0.10319964044668926 0.07689365548334381 0.03602249512499526;0.06477385656755323 0.105249134982243 0.0356508183049386;0.06662078723584126 0.05687305451825982 0.03502212127520734;0.11772778158986606 0.07259978039518723 0.037244152752089414;0.10237453868649471 0.0800359511076277 0.03596192637749242;0.07274391433009743 0.10167498246218436 0.03581641265079499;0.08498219957521784 0.05239297045128111 0.03449716095478804;0.06900332660172545 0.10017923365815029 0.03569931744541102;0.08628350846894044 0.09161128305926665 0.03503125325707856;0.10265915585095774 0.05989770015319061 0.036000961467209665;0.098301675904764 0.07406728945938029 0.034677484787091845;0.10680820309257577 0.08965581365089102 0.0343210449432202;0.09252031377966033 0.0652714155890605 0.035027879956128584;0.0842417472569061 0.05416680976554778 0.03532318885515077;0.0966400365757582 0.07734540482735401 0.034853415845337916;0.07820538532805096 0.10168261796843013 0.03526741620765516;0.12685249868177084 0.08651878755346706 0.03490275071371396;0.06575758688411412 0.10147258694919241 0.0340675715342359;0.08892038260717722 0.05854815219288882 0.035185151376067175;0.10020355364586549 0.08222942714760866 0.03432115173235319;0.06289458566732316 0.09298622532774906 0.034857378419660176;0.09249971924140388 0.09372690903386921 0.03566584986383362;0.05731305005671507 0.08452514123059734 0.03502319801897965;0.05511403243760988 0.06366231751695338 0.034707249425762705;0.0947940876995089 0.09129488545015678 0.035667104370898775;0.06408474854566037 0.09791626818051119 0.03442178931238773;0.05581142481277328 0.05735839809799664 0.034346814780196085;0.0997691611271412 0.06543234245120917 0.03578757602107484;0.06740911035050702 0.015077896674209975 0.028384317791783454;0.09537310922749488 0.06345357554737312 0.03466107506174536;0.06563857107678729 0.04563276256210621 0.034409655890180364;0.07308490094845894 0.044452878807638214 0.03616313031267679;0.04738846156334371 0.0671874058325508 0.03493643425815629;0.10295755858721405 0.06348189409715257 0.0350519711154786;0.14847239081850316 0.06283321729861281 0.024029705823550754;0.1393765267256743 0.19904167904111902 0.09055186741235853;0.05693832709511025 0.09202504943954762 0.03537594070416833;0.07331485769984641 0.051672225809054374 0.03539283809590902;0.07133862244569959 0.05197932130094964 0.0353835161653145;0.0649212871135996 0.049666634073398004 0.035882319868617195;0.07946871500070772 0.051726489684744914 0.034617632157231557;0.07301454621527236 0.09971008134005754 0.0355603502700516;0.09995067201027504 0.07086369880182096 0.03562286738217896;0.05969709711378788 0.053314081527105886 0.035786119784723874;0.036290276767392875 0.08016027138673837 0.034937135083509534;0.06306075470391226 0.05046727516525247 0.034155818340505475;0.09075495495467366 0.08744982649643819 0.03503130680385022;0.08172265485041845 0.09998073038507138 0.03466805755264888;0.07949889556473022 0.09981951665222548 0.03448822076254692;0.09578018833482498 0.09584394214194626 0.03588495946963079;0.05594494893270048 0.06542382046971834 0.03516179830021314;0.06777548957538403 0.10177803481153143 0.03594869178796376;0.10195116564431607 0.08127556228610919 0.034131680638873466;0.06115493595124335 0.09381809321280535 0.035388532094325166;0.06964510394251934 0.10486755172802252 0.036236315906514965;0.05962270705423755 0.05968035180610266 0.035203114199843843;0.0703232733786816 0.09925597273000189 0.03451252333423423;0.09143876361814103 0.08932075865171091 0.0348527132118505;0.07916670530509377 0.09712689594746288 0.035290732741474026;0.06763821988797598 0.10074472871451781 0.034241836073101356;0.06724319750749234 0.09705295317017756 0.03466775355801488;0.1174418099914834 0.03828006750712931 0.03863426456197684;0.08780255894813538 0.05510770413661389 0.034627034515979344;0.061667930547644335 0.09825282536182832 0.03582101546756327;0.048842705866261264 0.07789600724613786 0.034287534976387195;0.08962515017969001 0.052243504822894096 0.034550818490622526;0.07846553774976237 0.05334578998293006 0.03522708911173547;0.0589453016046581 0.06312730991165573 0.03502188171295121;0.09620573380623057 0.08561184108906991 0.03542909364145461;0.05438319757928066 0.08213366945567625 0.03519675124521713;0.07172993006812209 0.09813385550461319 0.035387801501017835;0.096476869496948 0.05818816378829735 0.03416922956161967;0.07654910470880666 0.04801649678429444 0.034191645893996925;0.07747117129132855 0.04886836049816947 0.03574863546303363;0.059916425827445524 0.09240495450897762 0.03470355085197295;0.10117368730792523 0.06148708476244984 0.03560552067729608;0.08893407188517352 0.05380157575739389 0.03563385311727973;0.0755637929112073 0.0515214119388362 0.03540415157915043;0.08611233596948832 0.05403860690933173 0.03461786651658188;0.09848609334153657 0.06479165398954768 0.0343935256963211;0.08508818285338175 0.09557189255430346 0.03474427040627;0.09639591604179988 0.09265506759493579 0.03594854652093418;0.06785590491095021 0.055303253057912644 0.03492159791456559;0.07539804423365384 0.048894390503250486 0.03572985175842037;0.0970981351507977 0.06393510530399864 0.03555125059636684;0.09012337780708296 0.09082726738457117 0.034842437076945384;0.0750071588623137 0.07500685344548215 0.23502657447403116;0.07507433950894785 0.07507397509140286 -0.16497340591041096]
[1.432824114195657e-7 2.365504609992536e-6 -1.4888914291588885e-7;1.845326497119758e-9 7.168559287920654e-9 7.782063230975231e-11;-2.433662644091794e-8 -5.239082852514808e-7 -1.0830871820748496e-7;8.869317494625801e-9 1.847366955945928e-9 -7.671580879234562e-10;4.165757154313536e-9 -2.201923914560496e-9 -4.831460810785333e-10;-8.19324160018769e-8 -7.596894569872208e-8 5.306931535255851e-9;-2.220157999515796e-9 3.1663085788324522e-9 9.27107956135526e-10;2.914422060087367e-7 1.1005980268013637e-7 -3.07817000151729e-8;1.1001155401221298e-6 -1.105455603429519e-6 8.078744360162101e-7;2.798407797286573e-7 -4.2459809837193595e-6 5.983207307475287e-7;-6.610186394901884e-7 8.02986987956481e-7 2.0133981495639085e-7;-4.034386355363068e-6 -2.0323937312870087e-6 1.6121261158138607e-7;-2.877221680414867e-5 -8.7996951374286e-6 1.3329631415050113e-5;-1.0273544777042283e-9 1.8955497097037985e-9 4.351206986233605e-9;0.00018172667724027748 3.504618875835771e-5 1.4795583350335696e-5;8.218192662058982e-7 -1.254183076490468e-5 2.3524279028228607e-6;1.1242288331371757e-5 -3.604110104061795e-6 7.672359567741424e-7;-0.000850552516923883 -0.0004972421694071877 -0.00017296519409026472;1.9861837570397216e-5 4.516497333445823e-6 2.669453770098498e-6;-1.282473412438313e-7 -2.4854077724745955e-7 1.8252486101159272e-9;4.368926236603323e-9 -2.2671087015629557e-9 -5.058106809815425e-10;3.924443377220234e-6 -2.8733647468642808e-6 -2.8430961809718525e-7;4.784673913635494e-8 -6.796238423809281e-8 1.9149046357572484e-9;-4.510484192566566e-5 -0.00014232676636212428 -2.414604059107824e-5;-3.286577677931795e-7 1.8007509455320075e-5 9.425421079814346e-8;-8.373028098903617e-8 -3.203817863789413e-7 5.7590916590790084e-8;-6.918436650892659e-10 3.3920136107066057e-9 8.988558409049137e-10;3.2343955315103313e-6 3.832079232673729e-6 3.585300907781563e-7;4.8792745833986425e-5 -3.5379386591824275e-5 -2.313472238424734e-5;5.951974013006315e-7 -2.614570024271368e-8 -4.859556228607026e-8;1.0165691780615291e-8 -1.381378378113525e-8 -7.815941845328839e-9;6.742194644680363e-7 7.370198532564371e-8 8.069365571280991e-7;-2.0540281667595897e-5 7.490641863035575e-5 3.256318398164409e-5;1.3427224120406464e-6 -2.1736250892036984e-6 -2.6849139275339553e-7;-2.2483834990862922e-5 -9.636019625755965e-6 -1.0232809664015105e-7;-6.669496946890836e-6 -1.6500107016499672e-6 4.286911611999377e-6;1.113967535381979e-5 -2.53908240400907e-5 2.6816449162290707e-5;-7.501323357232545e-7 6.327701689172692e-8 -2.763265163705202e-9;9.341572706303072e-6 -7.978907697383488e-5 1.151264805760244e-5;2.2021957569778133e-6 3.1224278969896525e-6 -4.78813750573881e-7;5.366802586973272e-5 5.3507517326878744e-5 3.1646847017217834e-5;7.55495378237862e-9 1.8590083949180894e-9 -4.321008656514306e-10;-1.6389647203333604e-9 5.374436832787776e-9 -6.417753039139719e-9;-2.3312188124213873e-6 -3.845504759645612e-6 1.023871207577022e-5;1.6150350893425278e-9 3.855313378760641e-9 2.65733671202846e-10;3.356787488466138e-9 4.563407868798937e-11 -1.7182084506306005e-8;1.1174685470025155e-7 1.81898786990078e-7 -4.709209543704794e-7;4.454780490099922e-9 -8.462813335071091e-10 6.961038269973369e-10;1.8418581977320358e-7 3.8701826428456975e-7 1.3580669332984944e-6;-1.2811973129593393e-5 -4.663363519254682e-6 1.6544386833894982e-6;4.535958114794334e-9 4.4913198350517575e-9 -3.126699972181758e-9;-1.060646934094279e-6 -3.724921272311126e-8 1.220262593385841e-7;-8.88332969300967e-7 -1.2814158225334584e-7 1.1137821636892071e-7;3.4252630082962344e-5 2.1475510447451648e-5 -6.845552348511499e-5;1.0828721035236803e-7 -2.539292307267873e-8 4.187846153994256e-9;2.4658642571639723e-6 1.252445943275683e-6 -1.854039083406848e-7;3.81457866662678e-5 7.145802586209548e-5 -8.794377434812014e-6;-6.171542694225735e-7 -4.673817245502716e-7 -5.843291113480743e-8;-1.0374539361373053e-6 7.924057239640021e-7 2.0181585554306571e-7;1.8771507092379811e-6 -1.5107557827999436e-7 2.0203903133382966e-6;-4.7227936854775464e-7 3.044530969450241e-6 7.448381211296624e-7;-0.0002632082651061392 -0.00021065716037960104 1.675026163405411e-5;4.6664278655496225e-9 9.988306225036616e-9 -2.3076226938702533e-9;0.00020083491803806497 -5.321416084479848e-6 -4.245220293587653e-6;4.7078587517683686e-9 6.246037875638398e-8 -2.791973037739339e-9;2.0448919521601898e-5 -5.852997561740439e-7 1.4231449983323655e-6;-1.4254367546115765e-5 -4.648292411452782e-6 2.5059287742794827e-6;-6.600518863426511e-9 4.176474756915091e-9 -7.391709113632412e-9;-7.323514274695362e-6 2.9579544236172954e-6 8.37662512413309e-8;2.4039229684828837e-9 6.70730790260946e-9 -4.091439300151739e-9;2.2635336634769803e-5 2.5833167911557076e-5 3.6263478397989726e-6;-3.6275862855201497e-6 -4.234134285150936e-6 -4.075008162047685e-6;5.76180631669121e-9 2.1619787341393275e-9 1.7370653393924156e-10;-1.2139835084194772e-6 8.320436035865585e-7 -6.713071522075831e-7;4.747896156244094e-9 2.3944337392301948e-9 -5.099234513765893e-10;7.789550600434657e-9 1.7552179597375733e-9 -4.478801495734254e-10;5.614105367857821e-7 2.793738038605411e-7 1.4154796801754437e-8;3.371627665991494e-7 1.458901203498386e-5 -2.2024608626889755e-6;7.891531946132089e-8 3.901619034783981e-9 6.187084831019223e-8;1.671997357393553e-6 3.5304818760607524e-6 -3.8931540559805804e-7;-6.169166120531886e-6 -5.673262768979486e-6 5.368345421338865e-7;-3.3749161421357133e-9 5.2767443537081765e-9 -9.764049563237175e-9;-2.584718807083714e-7 2.2090689339770216e-6 3.7695261597231776e-7;-2.0403457518524152e-6 -7.172997394950302e-7 -3.194738018995746e-6;-1.3134653102527563e-6 -3.3316865652959805e-6 -6.287740225361205e-7;2.4563077752177287e-9 3.8016932541866636e-9 2.596765852872494e-10;-9.165591618064288e-8 1.721913019346163e-5 1.4548624290906107e-6;6.8142081061605715e-9 7.606412717595944e-9 2.578818698065049e-10;1.0532205978389216e-7 -2.985459663495165e-7 -2.7478298326434933e-8;3.6213634325691214e-7 2.490467116209404e-6 -3.362625963979304e-6;-1.205884747803929e-8 6.272565979787564e-9 9.86044460099306e-10;1.4485644581415963e-7 -1.4755640203963392e-7 1.9037148637675306e-8;1.364690404384361e-6 -6.724412632950028e-7 -9.457685962761042e-8;4.955851764686956e-7 3.034195403092839e-6 -2.1590012718352743e-7;-1.8053560888873074e-7 -2.42956002652297e-8 1.9647338976778254e-8;-7.273946375417211e-7 -2.126778853789363e-7 -5.9106078363694e-6;-6.957983766254667e-5 -0.00010167554576207379 1.6825689678450786e-5;-2.92917343146993e-7 1.643687171624885e-8 1.7878549423476348e-9;5.371213595927088e-7 1.841588215541707e-8 1.1082184957815395e-7;7.63508482555232e-8 -2.1024573019621284e-7 4.69466615462281e-9;-4.8909886536461935e-6 -5.989451176526342e-6 6.878184081618756e-7;-1.391297394450023e-5 2.476102247386603e-6 1.7063123494157967e-6;-5.612101322889196e-7 -7.07749321646501e-7 -1.8364157343663023e-8;-4.1906752145530283e-7 4.303264043672211e-6 -6.306155899694863e-7;1.778857981327244e-6 -8.42113234478177e-6 -6.713484667129462e-7;4.045755000151448e-6 -1.1806137453606153e-6 -1.1352338631529277e-5;7.3609405108166294e-6 -3.0711691294080662e-6 2.8930039285600093e-7;2.656673677550954e-7 4.1284589666877364e-8 8.870491100534243e-8;-4.188861516366109e-6 -7.416973479423911e-8 -9.672014694742963e-7;1.22519850934556e-6 1.0853133679799216e-5 1.4183390139578981e-6;-2.0384563241373142e-8 -3.8758682546113946e-8 -1.130489003182529e-8;6.490840425693848e-9 8.984565443971014e-10 1.620442264247602e-9;2.7148082567906643e-6 1.6036264758198987e-6 1.9917515792173455e-7;-1.3865938282954327e-5 8.084740442719195e-6 -3.1365477790591214e-7;0.00017063762763290324 -0.000911354107507305 -5.8953614829464856e-5;1.3445130670962054e-6 1.3389744889713024e-6 1.436267083356737e-7;-4.55179881746861e-6 1.4749418206876418e-6 -1.707285812606088e-7;-8.113301436604697e-7 1.5177767851778067e-7 2.12952431411729e-7;9.702296312337622e-8 -8.948947235255569e-8 -1.5624062930574117e-8;-4.628534857481177e-7 -7.24499860340441e-6 -5.096302917969742e-7;-7.946863239986665e-7 -3.00414347149236e-6 -5.528934288623829e-7;-6.47656041563839e-10 3.4850176072038445e-9 -3.045429856224262e-9;1.8394949884067476e-7 -8.964541155299585e-8 -2.7428585301886427e-8;-1.4691860293313842e-6 -3.2385483126760804e-6 1.5651301109984126e-7;-1.1047196200425018e-5 8.854865085530698e-6 1.589751715571493e-5;-6.483184279349138e-5 1.8745733405103725e-5 1.9874909454142572e-5;4.609186434590957e-8 1.2530664243962465e-7 -1.778952656952156e-9;-1.4713306582836826e-6 -2.1127676064882763e-5 1.6085009173410366e-5;2.390698999996578e-9 -4.240488551335715e-9 2.938476094916856e-10;3.003165172844934e-6 2.2031898254297927e-6 -4.245197137886845e-7;-3.845298755121258e-6 6.174206656406039e-7 -9.715434198597154e-7;-4.447823421350566e-6 -4.820144884790566e-7 -4.287906853291642e-7;9.971424861330689e-5 6.708586126266047e-5 -0.00017355558411707612;-4.880024710441319e-7 -7.518531129982898e-7 7.088331884444446e-7;-6.855840131898664e-8 1.3750561263444468e-7 1.1280712122675882e-8;2.393898723745564e-7 -1.0678632040574923e-7 -1.4730018706566796e-8;6.443316356006409e-6 -2.6169898305342976e-6 5.036126873841797e-6;-1.0981742696645424e-5 2.6236026632537264e-6 5.303986600032404e-7;5.363874755200437e-9 6.039911051932044e-9 -3.285628552519538e-10;3.507497995291786e-7 4.4484840811798845e-8 4.563255000619797e-8;5.091918262886096e-5 5.129684719490753e-7 -2.688888845868515e-5;-0.00016976735056474417 0.000916832026067088 1.2061884747653013e-7;-4.331014085179155e-7 7.521455884569611e-7 4.5387482503379747e-7;6.352624882301982e-9 6.220543911246557e-10 -6.902464251017466e-9;-3.7348611832675317e-7 -2.9056048166109304e-7 -6.25125611073895e-9;6.873834169230109e-9 6.387361828278327e-9 6.128958862489712e-10;3.2816833957664474e-6 4.587649817710887e-6 5.100125022964897e-7;2.5315452138658887e-8 -2.0684955656132985e-6 1.7112496128830652e-7;2.9304578594936723e-6 2.890401944001146e-6 4.8140640737502784e-8;-4.4760464384168027e-10 -8.414123024065544e-10 7.967582387603409e-10;5.465871974866557e-7 1.7778044269892734e-7 3.0637889713861785e-6;8.293602279992279e-5 -4.038617512508796e-5 5.46202072560562e-5;6.114030738183982e-9 8.831207525541269e-10 2.8736534698074297e-10;-1.9737579369952364e-7 1.502835644230904e-6 8.370837323267183e-6;1.859686530029315e-7 -1.2391661049220703e-7 -1.7410669811899275e-7;1.2355175218526796e-5 2.2135394202908003e-6 -6.680235095534613e-6;-1.4809043122590792e-9 4.53144227318212e-9 7.789472265568511e-10;-8.600064108484954e-7 7.785734287918505e-7 2.5548183445305606e-8;-5.085719548561049e-7 1.268589160628378e-7 4.7929702629809095e-8;1.1020948969247731e-6 -4.863650556760716e-7 1.6049374719653337e-8;-3.9713464140510686e-7 8.687367691524581e-7 -1.7102221080537584e-7;-2.8700556768452122e-6 -4.966989877573464e-6 5.264602728350681e-7;-5.366447796113398e-6 -8.038901953686978e-6 -1.2782832438266374e-6;0.00010596281558321517 -0.0001326931264457916 2.3183192330618806e-5;-2.272241857047168e-6 7.170523110005263e-8 4.234553068601179e-6;-1.0116325306690752e-7 1.192868244697197e-7 -3.6636820932683878e-9;-1.0665677771661233e-6 1.5521983829509824e-7 8.324439383357564e-7;0.00022944946241844092 -0.00010830376081935077 -5.869808750446748e-5;4.9899700255342225e-6 -4.732792716912349e-6 6.526631577680499e-6;9.632739192029253e-7 -7.68389521588584e-6 7.558322147671883e-7;3.2878793356730997e-9 6.063733373251127e-9 2.5112997342167727e-8;1.0563300049413121e-5 -1.2953936728949297e-5 1.273969030799118e-6;-1.2828607103293629e-6 -2.757791687147008e-6 5.378347563281049e-7;1.8456892721252895e-6 2.5963308591677424e-6 3.0057223138257047e-7;-2.1251573782275067e-9 4.146468235800955e-9 -4.4475977441523165e-10;-1.3621484984525852e-6 -2.7851855151652495e-6 4.786477358432949e-7;-1.8762602902677673e-5 -1.0958273363751681e-5 2.679308268369424e-6;2.4163889049557074e-7 -2.8658301115003887e-6 -8.842491261461895e-7;1.1212594142053353e-9 2.8123260786495522e-9 -1.4548599411358623e-9;5.776759866634887e-6 2.696790550844897e-6 -2.7977236712920517e-7;-5.55329568270512e-7 -3.956337664566119e-8 7.02183482171383e-7;-1.040451499221947e-5 -1.1756588760319897e-5 1.5816194658875725e-5;-2.3684906157982724e-6 -2.0855081618361465e-6 3.5030176703918947e-6;2.9092966421547797e-6 2.363618707250004e-6 -3.0338327242724735e-7;-1.1986471136240805e-6 -1.5465960753621813e-6 1.2139109962678901e-5;1.8097873244508845e-6 9.82535243750398e-8 2.42453408302921e-7;-3.42093735772736e-6 -3.938566549210257e-6 -6.790672970835379e-7;1.7700889312355405e-7 1.5322233655551688e-6 2.3539335364790893e-7;-7.161331005211632e-10 7.860337043193856e-10 2.494400480715669e-10;3.474231106701084e-6 4.139014523855278e-6 1.8317211558773815e-7;1.4025539584007065e-5 -6.002059076508072e-6 -7.46234108788025e-7;6.580677937202356e-12 3.171183388483354e-9 3.2091187157803464e-9;-0.00011520891281843092 0.00011114376113276866 -0.0001367284457120608;-1.7028505480764807e-6 3.120996522240729e-6 -2.126168719188197e-7;-5.982976820825673e-8 -8.15572673660959e-8 -1.576068730363298e-7;-6.31102641909266e-8 2.1536868957151474e-7 -1.1513059877211999e-8;9.076056222980035e-5 -0.00012194303403462242 4.106155965474643e-5;-1.2189061409425079e-6 -3.4662098503513627e-6 -4.355679756879943e-7;1.6132510140252935e-7 -6.573221964899986e-8 1.8604892963272326e-8;9.10234212420713e-9 5.622984283358707e-9 -1.544130224017146e-8;-6.849483659301579e-7 2.4462180369530245e-6 4.939010045885279e-7;-1.6158481991766385e-7 -1.2055532090396078e-8 -5.804799130243458e-8;8.264927629382338e-8 3.458413556052362e-8 5.079246178714925e-9;2.932671786913126e-7 -7.275516464639119e-7 -4.37603227862995e-7;-8.446644131097725e-7 4.007873139099131e-8 -1.1051047062478411e-7;-5.709560753894277e-6 -1.819119134546115e-5 -1.5941287427487822e-5;-1.3581195696253944e-7 2.195620274795865e-8 -6.848349882714437e-9;1.0017289499793626e-8 3.4113144707561e-9 5.749234468388662e-10;6.718736756811314e-9 -1.5099061830736964e-9 7.465845913272416e-10;-9.157250477010765e-7 -4.977771453088788e-6 5.875222748600059e-7;-1.5470149377787916e-7 -9.592174826005673e-8 2.1927821611781678e-8;3.730435666094472e-6 3.237117618116415e-6 4.88848044864395e-7;-3.289709459163997e-5 3.678701810561568e-5 -5.802204941368079e-6;3.7529779940911254e-6 3.4901997331830856e-6 -2.3229309821948396e-8;-3.650983478127684e-7 -4.398828266704689e-7 -4.202752879008885e-6;1.8470758926659e-5 -2.3667020056152776e-5 1.0551768079163822e-5;-6.668055623325719e-9 -9.55065580906316e-9 9.950551819735021e-11;-1.663571910419086e-5 -7.0343020541031955e-6 5.846655320339778e-6;1.3045548868461914e-5 6.826434531486713e-6 -1.1829341295095509e-5;4.428460262421539e-9 4.410359950018362e-9 2.734840270121886e-10;4.734036044367931e-9 6.9596523508264725e-9 2.4325232493448303e-10;-1.8246827677763245e-8 1.486065128133312e-8 -1.0053012775909427e-8;-6.151981999092349e-10 3.4580489818786542e-9 -1.4892892239557086e-10;1.2687428093939557e-5 -1.057400223006114e-5 -2.5350881258467197e-6;6.953939882151243e-8 4.536146304237642e-7 5.41130969963996e-8;9.960758635820189e-7 1.809219299297172e-6 -8.645724862146004e-8;-1.7168660075061593e-7 -2.1120219115326303e-7 -4.6755266559328144e-9;1.0225637125210413e-5 4.083476896592112e-6 8.978421705737471e-7;5.049095557025377e-7 -1.0654802219625214e-6 -5.6435479142593525e-11;3.6084488991348774e-9 8.830552057735254e-10 2.3675194344362274e-9;-8.129612869475061e-7 -2.729749862634621e-7 6.069861364167893e-8;1.461449606258769e-7 -3.8863630828041355e-8 -1.898051746529715e-8;-1.15764069316934e-5 4.841254951135277e-5 3.272056795932722e-5;4.330682851847453e-6 -1.3255529803077025e-6 -2.0054216607767585e-6;1.0184858578365243e-5 -3.961034893795982e-6 -1.5424240772585156e-6;-9.439739923770806e-8 1.3601794095025782e-7 1.1349640433737342e-8;8.57064383233211e-9 6.557773570776097e-9 1.0624072283285808e-9;-7.147491232064617e-10 -8.242059124733997e-8 -1.17077680951675e-8;1.69765099593932e-5 -1.4676421567238071e-5 -1.2340248817765864e-5;5.223747456910354e-7 -1.0648922250826948e-7 9.765515871966975e-8;6.572646823611117e-7 6.203579488529918e-6 -1.294716142074501e-6;2.4853391228601586e-6 0.00020794102860317756 0.00017547567371974327;-4.997023567481843e-6 -1.0765942565774744e-6 6.153637228230561e-7;-6.497836790863382e-6 -1.0543303022352486e-5 -2.8433345708682903e-7;-4.871859347231197e-6 -6.460875994108503e-6 -1.54641677279459e-6;5.7876081216279815e-5 -2.8270205125521676e-5 9.296037690045267e-6;-3.7962274291953364e-6 1.0397301281495847e-6 1.4246658043711515e-7;3.6811993929168343e-6 -1.2949002730225069e-5 2.107483818561093e-6;-2.3830342277037286e-9 3.4238328755907536e-9 1.1485851945237622e-9;-8.155894196598025e-6 -5.6478583298957014e-6 1.0598434058781105e-7;3.4644541702242364e-5 1.4856905233041604e-5 3.755800070786388e-5;-3.355487515982012e-7 4.965074389359706e-8 -1.591163830079958e-7;1.924288785543967e-7 -1.4619490482431488e-7 -2.134653754289677e-7;1.4255361470908855e-7 6.752089585086522e-8 -1.1660773127357642e-9;9.578376791203402e-6 -3.3295826388485785e-6 -4.2395846137071776e-7;-4.701562551956873e-6 -2.8070812548125686e-6 -6.186053220467766e-6;-1.4655857512991846e-5 -2.3164025985677084e-6 4.7543639868436417e-7;3.6165725605342865e-8 5.50142809231337e-8 7.846257385057188e-8;6.462002992513626e-6 2.0810048042518252e-5 -2.073170205489356e-7;-2.027154174058059e-6 2.555020932559765e-6 4.054160590157233e-7;5.652169104580585e-6 -6.836588779729863e-6 -1.1334902811832505e-5;2.3997617703772447e-6 -1.093299241981318e-6 -1.1880809646476485e-7;1.544931995943873e-5 -4.197609591035687e-6 4.552534537340316e-6;-1.6963710934516095e-7 -1.570012931464779e-7 -7.94157226848059e-9;-6.281395074545849e-7 -5.232455472759859e-8 -1.5410170217170663e-8;-7.178698314359037e-7 2.8830225424198533e-7 -3.767901353390422e-8;-0.00012139024111325915 0.00020639471041243262 -3.447954584130549e-5;5.488887486456039e-7 5.4994348153723014e-8 -5.3454126680333585e-8;1.443331167283622e-5 -5.5299768933779016e-6 -8.074935846990912e-7;-1.325851172621958e-9 1.0868393735335618e-9 7.339674203967582e-10;2.589671206807212e-6 2.343121044584607e-6 -6.690829576896196e-7;1.567359952915679e-6 -8.315596264500928e-7 -8.712772539285619e-8;-2.353978503192684e-7 -1.9860495837973467e-7 -3.7298974565917895e-6;2.0577135331557433e-7 1.388312834868069e-6 7.285256637563595e-7;4.017015555570887e-9 3.994718195198138e-9 2.568608590652987e-10;-1.3061437011609321e-5 -4.630434180537533e-6 -6.628892291564318e-7;7.91987030548873e-6 2.4864966516211467e-6 1.3445422384129325e-5;6.133893007102419e-5 -3.7872546751323347e-5 4.2124158604366584e-5;-6.716515509582587e-7 -3.5625098111990577e-6 7.057806628613185e-8;-2.5279979406212863e-6 2.6453597281814312e-6 3.994803850470509e-6;-1.556743592503315e-5 -8.678399672006403e-6 -7.78770997829283e-6;5.121725493098859e-7 2.1256741797232002e-5 3.5135456192445034e-7;-6.076004856122484e-9 2.1368097515595243e-10 -4.169050456867683e-9;-7.559621477152076e-7 3.67781702946258e-6 3.4658331071790877e-7;-4.967129169837394e-7 -1.5683943695117092e-7 1.1820078278373002e-7;8.119057622960897e-6 -4.278796301283071e-5 -5.445372975209883e-6;2.9334074633507083e-6 -5.593888656749049e-6 -9.925131851805e-6;1.9082412727910823e-5 -1.9634982536544586e-5 2.07252664104133e-5;5.971735839489172e-6 2.536901706594941e-6 5.230782094347053e-7;-1.0534682941193575e-6 -3.6950287960543897e-6 9.629577495230243e-7;-1.275239263905215e-10 1.0113188499999403e-8 2.5718131570175263e-10;3.765520057376976e-9 4.93871357327471e-9 -8.711028220953042e-10;-8.078969698509733e-9 -9.623835422025144e-8 5.379503597742187e-8;-2.719527380579723e-9 -2.8309231094190814e-10 -1.0188568500683631e-8;6.308069054211201e-8 -1.0101471989771997e-8 -1.7157645192611934e-8;-5.424818150232686e-6 -3.6929285757250253e-6 -3.0930539453452504e-6;7.798577533239736e-6 3.854315293104835e-6 6.455482066188186e-6;-5.748882808534916e-7 2.1077451725963316e-6 1.6720907922187826e-6;1.6613294449828102e-6 -1.2865285400703996e-7 1.0120506625389042e-6;1.0911339982241066e-6 -2.6922006035251054e-6 -8.89928127306333e-7;-1.6757224593727953e-5 0.00016060227837451341 -8.845375073483629e-5;-9.044983359568497e-6 2.2139446784864225e-5 -4.133578332176347e-6;5.132767471690351e-6 -6.010159981269388e-6 1.2479209047667687e-6;-8.820628658823758e-10 4.787396482735488e-9 -4.364781729671092e-9;4.072511647046203e-6 1.0260804678321256e-6 -6.574249119899716e-8;-1.3295286176353234e-7 1.9686973572278315e-6 1.7716443139626312e-7;1.0907788857459438e-6 -4.1927850942341176e-8 1.0830959885179877e-7;5.474225495928662e-9 2.4326389930307685e-9 2.8007943454223555e-10;4.584588184475786e-9 5.104364363711845e-9 2.2887804542911899e-10;1.007650865493658e-5 -3.479253730975591e-6 -8.422792271511157e-7;-9.18752272763868e-7 1.949504160625663e-6 -1.3744218076045108e-7;-8.924266594274247e-6 7.344397021055485e-7 -1.8676260936629602e-5;8.339835903424116e-5 9.406487054311553e-5 3.390697726759535e-5;-4.194728814916258e-9 9.906583655638953e-10 6.595394421988268e-10;-1.8909146281659089e-6 -1.5856282449450997e-6 1.969690230974486e-6;-2.3606401469793604e-9 2.9108066044899462e-9 -4.0057087056185244e-10;6.926803351940546e-6 3.4632760530139966e-6 2.320445001855058e-7;2.2659829757164106e-5 2.1999721441742288e-5 -3.0286885622228176e-5;-9.423045858620593e-7 -3.245166530950139e-6 3.983407531323049e-7;3.87580444810589e-6 -6.925692743055082e-7 1.051444925758534e-7;-5.598514035808832e-10 3.832412021030235e-9 4.977818189461981e-9;3.2013715703357127e-9 6.53253076401325e-9 -3.885361420052614e-9;2.547001425604418e-6 3.1188749739243608e-6 -2.0958436944272252e-8;-5.32720825663798e-9 4.571194094817658e-9 1.326895690471641e-9;-3.1880080665345028e-9 1.7058539428437923e-8 1.9884366071185194e-9;1.773303865136953e-5 -1.2754765164355821e-5 4.924752755749368e-6;-7.710066134105921e-9 -9.552378661782339e-8 3.751104218623363e-10;1.2901033129612533e-6 2.0064743898381687e-6 1.9406615331643302e-7;-9.171142249498094e-8 3.7984150972987176e-8 -4.298596496969903e-8;9.751498196246497e-9 7.2065916908081095e-9 9.47511586531456e-10;4.1656307213221167e-7 -2.243925079743889e-7 2.247912912563963e-7;-2.1803551061979574e-9 3.883561831053887e-9 9.25567320277516e-10;-1.914751224567463e-6 1.547762935716813e-7 2.9130010437007794e-9;-1.2512596095139708e-6 6.736342689511399e-7 1.5552476644109496e-7;7.139198757123328e-7 -1.5810917320900358e-7 1.1474690799292653e-7;1.1167652457251515e-6 -2.0086562675943233e-5 1.5157614135896523e-5;-1.3519441124275031e-8 -2.1481989739369214e-7 3.424111047978304e-9;3.3174319543395648e-6 0.000238756135473416 8.299282015996015e-5;-5.837370184407246e-5 7.504719819366448e-5 -1.349824893122972e-5;1.116408023756707e-6 5.663622121515988e-6 2.006780053717399e-6;-2.9069708005067663e-7 -1.5493336010289916e-7 1.5958280154602282e-7;-2.8761437783602622e-6 -6.785938990453147e-7 1.327292599053107e-6;-6.177547309930805e-7 -8.433871669977228e-7 -6.640207653621086e-8;-1.6393978322257488e-6 7.941702725349349e-8 -9.460225365757963e-7;0.0002127044018662952 -4.903163369362495e-6 4.3824317428549773e-5;1.732864794158297e-7 -8.237149772306727e-7 3.0733042720518325e-7;-2.690417013609639e-7 1.6649445730787846e-6 8.133170333156264e-10;-0.00010941061024369462 -0.00017521646658248354 -0.00013070458173975886;5.6084422579087954e-9 3.0410558038255616e-9 -1.9832799277761527e-9;7.786113268217913e-9 8.381700439256346e-9 -6.906899503446554e-13;-6.346908495940309e-5 2.629973216411233e-5 2.230316724735812e-5;-5.409886112304547e-6 -1.6675272745993831e-6 -5.149530476003829e-9;1.2092992707556739e-5 6.147025483103032e-6 5.6625302531807e-6;-2.889862559810144e-6 -1.4910300989884963e-6 4.103614036050131e-7;4.945610751694095e-7 -6.751180102508921e-7 -8.977452062282526e-8;9.044148349008921e-6 5.0363353875316615e-6 -1.837478799198238e-6;7.5713048616492e-10 4.5314965752872336e-9 -1.0640690025212003e-9;-2.1305572708304855e-7 3.886389619044225e-6 -2.3825857590085097e-7;-4.52838870030197e-9 2.449184564394994e-9 6.442595936317837e-10;1.7848284013076055e-7 -1.5381391718319316e-7 -4.006697445879169e-7;1.4740209426753767e-5 -9.75880346014563e-6 4.080237254062441e-7;-6.064855874964658e-6 3.573426080759085e-7 -4.610506672103888e-7;-3.6510296520590303e-7 -2.3935748799932723e-7 -4.507501716665638e-7;-4.629123023167207e-6 -4.441777510150105e-6 -1.3340543080675126e-7;-1.342875808591211e-9 8.915845624455839e-10 7.810262407560931e-10;2.9200048109211444e-6 3.3536648259162232e-6 -4.0458584068212135e-7;2.9067572307757255e-7 -1.688738306688425e-5 -6.085395339219745e-6;8.285064043316966e-6 -7.520410407984991e-6 -1.217801451538096e-6;-9.666364123688862e-8 1.1690690163000062e-6 -9.111707683341228e-6;1.8016242755441504e-6 1.2594779289711849e-8 1.7427417668243464e-7;-7.281003185204082e-7 2.0535232575454404e-6 -2.4788554344893165e-7;-2.3315883876056575e-6 3.697782628274864e-6 3.3554609491563433e-7;-2.1516660351445206e-5 -6.992077647167392e-6 1.839510168509414e-6;5.154995217227525e-9 5.6129197801238256e-9 -7.560301644165859e-10;-1.1784661517402677e-5 -1.503333988616127e-5 -8.601563461550448e-7;1.698883623616283e-7 -3.871132642728746e-8 -2.185827320891187e-7;-2.688531014615128e-9 2.551957125730259e-9 1.001270783856737e-9;3.193025428762193e-6 -7.024229131795098e-6 -4.002261220628164e-8;-5.754078954926764e-5 5.2709255646092545e-5 2.4619282703064313e-5;5.712919753214614e-9 6.1656504503045065e-9 -4.072853917728359e-10;-2.0196189033696233e-6 -3.949859758772375e-6 2.1298999564518383e-6;-5.54863054263186e-6 -3.824317765478101e-6 -6.317531209779822e-7;9.035767387768435e-10 -6.272400890346407e-9 -5.957704797446101e-9;-4.655909921482507e-6 2.7469064500164636e-6 4.828817968530659e-6;-2.6101361887952443e-8 -3.184927047142876e-7 3.343693979819889e-8;-1.7553390863256232e-6 -5.036105227614484e-6 -1.8590146194083308e-6;-1.1259491215391691e-5 4.834383141626964e-6 -9.251184088382843e-7;-4.6481818884422136e-5 -4.5812689840451866e-5 -1.2005012790153101e-5;0.0001132157324061258 -7.923075132208384e-6 3.708597433384614e-5;-2.483707961817992e-6 -1.6446682494350489e-6 3.6442255304836005e-7;5.3851935215568355e-6 -2.4519674061282307e-6 -2.391984935389482e-6;-1.1810472573073563e-7 5.185281761191054e-7 1.0259823837154173e-7;-3.044691148906141e-6 3.523989581493869e-8 5.4777643312460976e-6;-0.00011211718868312541 -5.161238676645954e-5 3.458842443028634e-5;-6.392379384659304e-9 4.188376333023969e-9 -2.5959481971819493e-9;-2.8602732137751416e-7 2.878026717280174e-7 7.186270045282153e-8;7.635146263266652e-7 -1.6200935609134072e-6 1.3486232274179303e-7;-8.021945795629275e-5 -9.730143479525497e-5 1.6392406442582673e-5;-6.0457009080444e-7 -5.707990361252805e-7 1.0151506730415614e-9;7.855386003789745e-9 -9.576831234212815e-9 -2.7794570984621022e-9;-0.0001490092932564027 0.00023387472206977893 9.55265896277186e-5;2.340277656724919e-6 1.7814343551920867e-6 -8.046031957314907e-8;1.2508672781339857e-7 -1.3426054208715473e-7 -1.210033222915201e-7;-6.7207814063055745e-6 4.8931609357041405e-6 6.065043943439661e-6;3.4110928179964783e-6 7.643813697568383e-6 -8.979691121600638e-7;6.875741945675772e-5 6.586870827970863e-6 3.3236238650395424e-5;2.0178220413135366e-6 9.651088792431877e-6 1.7693959084540884e-6;-1.3610665326139545e-7 -2.8806367328037267e-8 -2.372992931676782e-8;2.274527628568954e-6 2.029511235862386e-6 2.88611017261416e-7;6.008529744002133e-6 3.883199881033166e-5 3.4377354248249854e-5;-2.9605603310337102e-9 2.7529240504222663e-9 -6.75796506650874e-10;-1.1376879211531643e-9 2.555428488473487e-9 -1.4899583739955e-10;9.569127198569087e-6 -2.8195028414578017e-7 7.72559266835563e-7;1.7871235499082873e-7 1.1788640543077511e-7 2.247802705703845e-6;1.2167254999833243e-5 -1.0378368409630732e-5 -9.640793811996665e-7;-1.8969564916973295e-5 -6.93754902490096e-6 -8.650629965973101e-6;1.5114095244183994e-5 9.670700674484506e-5 -2.0036096362785446e-5;2.090288436830815e-7 -2.088591025466967e-7 1.8774898854928004e-10;1.6402295537304638e-6 -6.8401711112712285e-6 -5.990240067860477e-8;-5.577921943434852e-7 6.690008560710172e-7 -5.186189339234176e-7;-1.7976507608932434e-9 1.8976058893933947e-9 7.579929353654634e-10;6.333988806456658e-8 1.3964981334674133e-6 -1.3713762383267818e-7;-9.966795970228984e-9 3.10008407645767e-8 -1.0124269510901589e-8;-6.8746284561299206e-6 -3.200178026451365e-6 3.976573686820357e-7;4.725321955298401e-7 -5.826811226480201e-9 2.2416894820187622e-7;6.685258711559343e-6 1.2502723815213603e-5 1.465234356734092e-6;-2.41579217168064e-9 2.2409617843688116e-9 -4.5086347451937715e-10;5.14944771278626e-5 2.336577104880067e-6 -1.1340330980670725e-5;-1.6100144834681268e-9 6.99363183073932e-10 -2.283131197469711e-10;-5.523961302383894e-5 -0.00020328110827495512 -5.890005391565767e-7;-6.546404101322852e-8 -2.0055302186951276e-8 -8.286263421517765e-9;5.549141136306488e-7 1.8262137371389324e-6 2.406310478437049e-7;5.524990386000692e-7 -1.11852257096557e-6 1.2478205875174612e-7;2.668144806000871e-7 -7.367956674491734e-7 -3.0861296963117386e-8;2.8122449584325428e-9 2.952473771861618e-9 2.564758028149036e-10;-4.487877021651624e-5 -3.301611822482325e-5 2.098888852036366e-5;2.58031774673805e-7 -3.1721184998054493e-7 -1.4418114950186562e-7;-3.8093246903354175e-6 -5.713260758213342e-5 3.043737195118326e-5;3.5091958194533447e-10 -1.4687720759126725e-9 4.442468582916955e-10;4.3725946017118444e-7 -3.473466429160503e-7 5.553571417010175e-8;3.3846813097595313e-9 4.197153698274809e-9 5.520341480949516e-10;5.807737831399969e-6 -5.371848217115574e-6 2.467723716492873e-5;9.045869596678065e-5 8.624806377886472e-5 -4.467825177882894e-5;5.935453988846296e-7 -1.0329536975306671e-7 1.942362618219534e-8;-2.460723784589266e-6 -9.23884349938182e-8 -2.1289582004043617e-7;-2.405652199736992e-8 6.82180215316551e-9 4.713176021255569e-9;-3.1001257389207723e-7 -5.992425102582312e-8 1.477316888571256e-6;-5.706932828178544e-7 -2.1620900934050038e-8 2.648538787859109e-8;-3.2389435893614964e-6 1.7743422377414817e-6 -2.512890988261139e-7;6.970837048588025e-7 -3.925107388657975e-6 -6.714671300847095e-7;1.2586503146709883e-6 6.18020143667582e-7 -7.885585265912058e-7;3.65705764784205e-9 3.717488366816965e-9 2.311950091515029e-8;3.0985709916958666e-6 7.986472991345126e-6 -5.7273027720431424e-6;5.4977985620696436e-8 -2.1075445154162207e-7 7.782958290018672e-8;0.000265444561968977 3.249929311349448e-5 5.119177778016202e-5;-1.6453890869427706e-9 4.568007193327921e-9 7.999454455298218e-10;2.526269105444246e-5 -1.5252898496699836e-5 -1.8686954492023777e-5;-7.518968325885094e-6 6.76532547368077e-6 7.234032050709025e-6;-2.4617451508191442e-8 4.79724201248184e-6 -6.490700001777681e-6;-4.257386491880765e-6 1.750911204081014e-5 -7.556346091643451e-6;-6.864253253478775e-5 -0.00019867588299508747 2.8279959458025848e-5;-6.673178495536913e-5 -1.4296741328761082e-5 -4.200887152322093e-5;-1.7533217328182246e-7 -4.1258287073228474e-5 2.620557606183651e-6;-2.3949802686335758e-8 -1.9994910401341352e-8 -1.1208776456413768e-7;3.891509262010225e-7 -7.362217533110306e-7 1.2863765234276948e-7;2.7684418059913635e-6 2.1836603032627077e-6 -6.898578805080719e-7;4.934070044269378e-7 9.960275176397277e-8 6.855833038962004e-8;2.0667209466259815e-6 3.92369471984237e-6 2.585560835350985e-7;-1.724129838280208e-7 2.3706489211013976e-7 1.3379687756025008e-7;-1.1565640361097993e-5 4.579614608617161e-6 -6.098609240334224e-7;-1.5831037855618103e-5 -0.0001707953846131813 -2.0519028968983416e-5;-1.0870892340964518e-5 6.038284357186205e-6 8.068406899004296e-7;7.155062746625752e-7 1.1314181926276264e-6 4.711598618107269e-9;7.478285008653124e-6 -4.3097376518066675e-6 5.784267791551993e-6;2.3349491967137384e-6 -1.9313580267078978e-5 -3.2938867050858886e-6;1.5037690793114819e-5 -0.00012094885091845802 -3.5912987363317967e-6;-9.31288436857709e-7 -3.3091321972933343e-6 4.048075795429406e-7;3.6056620313952195e-9 4.07358928762091e-9 4.862363233266511e-10;-2.6677259108995855e-6 -4.894596046736829e-6 1.6697158204229637e-7;-3.1910244581756073e-6 -4.883150940716771e-6 6.716251303055993e-8;1.578600597780451e-5 -9.792145442970558e-6 1.620116454692611e-5;-2.635195345511485e-7 -8.55243307187064e-8 3.728074809954474e-8;3.152101778029703e-7 -8.766622753310851e-8 3.833495592308949e-7;6.641956247819113e-7 1.1574379455043105e-6 5.046190387165588e-7;5.630425931465868e-6 3.575482346593112e-6 5.791850216009847e-7;-2.2786702118795143e-10 3.865335095095315e-9 -2.549843413410746e-11;2.0852186871480585e-8 1.692477942820872e-8 -4.822819794314193e-9;-4.7893171695209784e-5 5.5413980493712906e-5 -9.048268954990092e-5;-3.499946244202187e-7 -1.9915968610763726e-7 -2.1350744132903574e-8;-8.408924357118495e-7 -6.587925242543922e-7 -4.374288298699951e-7;1.3007006647047307e-6 1.7244174270435627e-6 3.272131901120757e-7;-2.4833524483419654e-5 -1.3537284027354353e-6 -2.0594183695430692e-5;8.711076685623087e-7 5.475598617414365e-7 -1.058850517547409e-7;-2.1351160829424062e-10 4.358962697413386e-9 6.848008730050089e-10;-1.5974149279955114e-9 3.652563344498542e-10 -3.005223017152405e-10;2.335938247465957e-6 2.7245611216604752e-6 1.922176758936847e-6;8.082009834110366e-7 -3.4048503802769565e-7 4.6731323217114705e-8;-2.2542012875657216e-7 3.714716397532962e-7 1.1368135371204855e-7;1.7957333287893514e-9 7.781541652467118e-9 -1.5424888124690572e-9;2.956824658677759e-7 -2.9835969726668985e-7 -9.331150342159675e-9;-5.603815255594357e-6 -2.72918607409003e-6 -9.532359783136486e-8;-2.3235956926974726e-5 4.811954699036873e-6 -8.49131901975124e-6;-8.129614444924812e-6 -5.939274132165679e-6 1.1778656786420203e-6;5.616445027427629e-7 2.8447435314990717e-7 9.163445209092542e-8;-7.090966891650988e-7 -1.586975402875292e-7 2.182417935200279e-8;6.764146852087232e-8 -3.21949768557852e-7 4.422719143389767e-10;6.159231254361918e-6 -7.873432491902247e-6 -9.358838631873688e-7;-5.1477080792166965e-6 7.377355259479364e-7 -4.872919658693371e-7;5.3414360284503805e-9 -6.022146218109813e-9 7.66032896655663e-9;4.99124363262665e-6 -8.291057671431378e-7 2.7713848105967527e-7;-1.0343987096695963e-9 4.2651070225231585e-9 -2.3630673278979617e-10;-8.222042934473481e-7 -2.9473051316729718e-8 -7.02335524084818e-8; 3e-4 0 0; -3e-4 0 0]
[4.988298773194513e-7 -9.144915098233335e-7 2.3025848922044704e-8;-2.0836474559712893e-7 -7.492334351418931e-8 -6.368452128914764e-8;3.044077114782146e-7 -5.782599691888834e-7 3.54766408079135e-8;-6.103302283598826e-8 -8.699654975536062e-9 -4.793116206970173e-8;-1.4405544299135994e-7 4.610058772326036e-8 -5.327015482640974e-8;-5.172923472252314e-8 -3.0598306358555986e-9 -3.722887918852433e-8;2.418897646601211e-7 -1.4448305411040973e-7 -3.836415652235657e-8;1.1692337688053373e-7 -8.200814556109152e-9 7.163765836471072e-8;-3.8130449952237953e-7 5.412171341978702e-7 6.329732031976952e-8;-1.4487311794086086e-7 8.714509180639658e-7 -8.675923139684413e-8;-1.6812315141513312e-7 -6.115917740776882e-7 -4.743500065256407e-8;-6.713733100017789e-8 9.006045261717825e-8 -7.829726196191154e-9;-2.636097802478107e-8 -4.572506950714811e-8 4.9965537040725915e-9;9.729036149798371e-8 1.6271465191579613e-7 6.969189979817559e-8;7.897832094105659e-8 -1.0470398885265474e-7 -1.2410854900773767e-7;-2.036701391937491e-7 7.726128410905693e-8 -2.1319135169582154e-8;9.53135117351408e-8 -8.874218737310296e-8 -4.54054045643783e-8;-5.502662939404753e-7 6.593373188469836e-7 2.567909652992015e-8;-2.3057773071870556e-7 -2.7019508746590856e-7 -1.3098695308328876e-8;3.4734092554897614e-7 -8.703859310758244e-8 2.4551694258757666e-7;6.577309055410942e-8 -1.9521800133354545e-7 -1.1799542358846381e-8;5.368342867592981e-8 -1.2714230392169863e-8 -1.0331869603512527e-8;7.548586933972201e-8 -1.046246556343928e-7 3.6539826360768054e-8;2.7063305980334845e-7 -9.41110928333637e-8 -3.225208279722858e-8;-1.5218870010694967e-7 7.861912858099815e-8 -3.7785551878167176e-8;-1.6420166515946452e-7 1.728555544812196e-7 5.739372433020989e-8;-7.219168822772843e-8 2.6800503071762167e-7 -2.855291762760352e-9;-1.3202697117489467e-7 -2.6092612223477144e-7 -1.491886707678694e-8;4.012565886254305e-8 8.433153786537468e-9 -3.0019659235773104e-8;1.6130977163256277e-7 2.404216562094231e-8 -4.4072926081953544e-8;1.8751069727109414e-7 -1.5409739726830273e-7 -6.8401675429101175e-9;5.6476436696375514e-8 2.405161529122003e-7 6.099706364401002e-8;7.521527382932706e-9 1.7482936547781945e-7 4.595426909005917e-8;-1.0383330737350919e-7 -5.5621153665600625e-8 8.594422258483796e-8;4.833823518286251e-8 1.5878753746305295e-7 -2.6036564899613838e-8;-4.720081057516659e-8 -7.905549362269552e-8 -1.731247327103462e-8;2.0392127808893967e-7 2.4218377677553474e-7 -2.993741127984185e-8;-7.405238069426065e-8 6.51728942163233e-8 2.966123499157802e-7;-1.157229906392978e-7 3.649879328606996e-8 3.562910986428233e-8;4.4774509149145966e-8 7.22172919106785e-7 1.4444157662030913e-8;2.9616865928731296e-5 -2.1180469042829645e-5 3.7220508931184618e-6;-1.1376192759645748e-7 2.8224853187089746e-7 1.616020201391491e-8;-5.779236812015616e-8 1.243970918028961e-7 1.222612103280462e-7;-2.58233119096522e-6 2.137377417836567e-6 2.59895365096435e-9;1.1076721306856002e-7 3.2757189602318616e-7 -2.261562398492909e-8;-3.789577393516281e-8 -4.843627027414868e-7 1.124798798780261e-7;-1.7223001845717646e-8 -1.0973417098527505e-7 3.645920788813808e-8;-4.533212674160067e-8 -9.535508839915477e-8 4.258490626034619e-8;7.79979996375853e-8 6.042034901467277e-8 3.737306492333749e-8;-1.2082898566409265e-8 2.9311586763696127e-7 3.399735487197745e-8;1.5799610137836695e-7 2.086448896584903e-7 6.148665581721803e-9;4.164302007480035e-7 -6.595549254470788e-7 -1.2990894049002136e-8;-2.3634984283348802e-7 4.113991296963496e-7 -1.554197769957051e-8;-1.1720721002778739e-7 8.52894232418684e-8 -4.7127061262650906e-8;9.003347034995989e-8 2.1549832536658027e-7 -6.11955010149637e-9;-4.360829549996579e-8 -2.069395574107208e-8 5.263146106018963e-10;-6.727562490235451e-6 2.733061729883736e-6 1.8703016888076113e-6;-3.377909764818231e-8 2.690112288259675e-7 -7.313617331079168e-8;5.227500929126233e-7 7.017696385690025e-7 1.1165811540394828e-7;-8.315742175017056e-8 -6.429082987808347e-8 -2.5394441294450974e-8;7.567922661102809e-8 7.391616239869224e-8 4.557512334494124e-8;8.206169330572758e-8 -7.183455796661499e-9 1.4733610191217244e-9;4.681755725157517e-7 -4.3336311483131044e-8 -1.640986367758991e-8;3.432560789216626e-8 3.3049125511187255e-7 -7.996131008073496e-9;7.274810641267224e-7 -1.1311065216222106e-6 7.15307568774048e-8;-2.413710064212676e-7 -9.049772593741464e-7 -6.707733367684868e-8;3.4170596682163137e-7 5.646149160065833e-7 3.408042588996601e-8;9.479786867289152e-7 -2.9415017116708447e-6 -1.6083395219932039e-7;4.575145149129955e-8 4.332047800715019e-8 1.0990488040361475e-8;-6.311538467484008e-8 -3.713187100243751e-8 3.2117951279647555e-8;2.7800173057444838e-8 -3.191415297196657e-7 4.0092709730335395e-8;1.838435680873766e-7 3.2633930811667617e-7 3.038426347271672e-8;-8.715463653135043e-8 -1.0673390081271161e-7 -1.6294243080240072e-7;-1.3587318178410905e-6 -4.795145640747722e-7 3.3932220430155786e-7;-1.9433699015309109e-7 1.1203673636821096e-7 -1.1188658512974654e-8;5.384358049801633e-7 5.68715871071344e-7 1.986377333604894e-8;-3.29861313667203e-8 -1.0766658719187909e-7 -9.814446178915037e-8;1.6651144229529386e-7 6.202363262070712e-8 7.27815256881509e-8;5.568856993215637e-7 3.548266174269857e-7 -8.946433348218527e-8;-1.479072081348176e-7 9.607731939893413e-8 -4.726277528719991e-8;7.33470954982824e-8 -8.644450795146024e-8 -1.8942308325152315e-8;3.1402280449256465e-7 -3.388763050735861e-7 -3.636258386247684e-8;-1.0743767056136458e-7 2.476690170405379e-7 3.939579486502256e-8;-8.339571079812518e-7 -4.399131611995293e-7 -5.679712143942018e-8;-2.0850402922287997e-8 6.028668202418394e-8 4.2572694396976485e-8;4.3123437621063673e-8 -2.8187671182698745e-8 1.534666072235573e-8;5.6652557843480404e-8 -1.9468175255055352e-7 2.2585577058610685e-8;-8.133157617151683e-8 8.434648032132364e-8 -1.333862903584141e-7;-3.8851859647403667e-7 -4.875101962924931e-7 -1.1984174058785396e-8;2.1049875398823775e-7 -1.0928896094270048e-6 -1.8826757146492745e-7;-1.994066871772551e-9 5.135043863575937e-8 -7.80691842050474e-8;-1.3543407638226248e-7 -3.9479438129642654e-8 -2.1191295606844e-8;-1.6302682885015025e-7 9.53872012446613e-8 -5.4067899711808894e-9;-7.549833859937408e-8 -4.487751267637954e-8 2.987861682897303e-8;3.6683135027242755e-8 -2.6567795937709763e-7 3.8787532047051826e-8;-3.4428625038005945e-8 -5.3167095234460364e-8 -4.9569955451168356e-8;-4.670905329167105e-10 2.501986996684836e-8 6.6228125075897475e-9;-9.306586132958186e-8 -2.4372959308330304e-6 -2.3524910470372707e-7;6.678958224965315e-7 6.466854641811157e-7 2.0923307196944703e-8;-1.4767670961374791e-8 -4.9051604930245505e-8 -2.4437993784351998e-8;-1.3877355418303397e-7 5.709017919046778e-9 -9.239385383257601e-8;2.8062910496090056e-7 2.2194340065420985e-7 2.6803803043374522e-8;6.907785272224043e-7 3.490712217152027e-7 -8.28135492201287e-8;-2.856648101926586e-8 -1.8896120329957188e-7 -5.8764726091066824e-8;2.3224557020097215e-7 1.1574409047741335e-7 -2.5674281074147996e-8;-1.4464639481188167e-7 1.0248997980594737e-7 2.1447597297817024e-8;-1.955921169998107e-7 -4.74710810071844e-8 9.905865324022881e-9;2.9890830995657106e-7 -2.4128502137609465e-7 3.478982259634502e-8;2.604619812478688e-7 1.437678961694651e-7 -1.5478514798518764e-8;2.780581535162695e-7 -1.260338662206764e-7 -2.925952943849653e-8;-1.246456792129419e-7 -3.1725769018270576e-7 5.6057857715383515e-8;-1.8799904349754415e-7 1.6567307890689506e-7 -1.853706539574342e-8;9.74636615493173e-8 -3.467588638822409e-10 -3.424122922361934e-8;-8.053820595961704e-7 1.100969263152231e-6 2.5138587985965473e-9;-1.3125422633026947e-7 1.206213552854685e-7 -1.3947794582703629e-7;-1.834398028110939e-7 1.1046689172884772e-7 5.32444941342878e-7;-4.443490954762892e-6 8.347448846351045e-6 1.9321536706825685e-8;-4.6208185800659616e-8 1.795875452851334e-7 4.6922596503134215e-8;-1.2631058074349072e-7 2.1525154822539783e-7 -2.793352401398289e-8;-1.1021534257085347e-7 -3.297175018618708e-8 1.3636130682513277e-8;-2.4630550110659322e-8 -8.75377651570277e-9 -7.363667161102098e-8;-4.173869388975042e-8 2.6975980127452446e-7 6.799544789768887e-8;-2.4468872386424643e-7 -2.438937518009311e-7 3.439415361945685e-8;-1.0917876971804199e-7 -5.596837096864615e-9 -4.8236513086056957e-8;1.2458135281700547e-7 -3.4358374109263024e-8 2.1163238846896134e-8;3.337106023431104e-8 -8.978448359258407e-8 -1.482924896520387e-8;-5.888025509006014e-8 3.552667914604224e-7 7.998970742256458e-8;1.816893115311527e-8 -8.98186970453993e-8 4.63525298839334e-8;3.552374950253216e-8 -4.91904285526243e-8 3.7659204734546044e-8;-3.6520804773923343e-7 1.759244920679429e-7 7.778061986105093e-9;1.6626953274071235e-7 1.132382122332774e-7 3.794545542480691e-8;-7.845730794974123e-8 -2.4471743692608764e-7 1.2694001759977694e-7;1.206748373789752e-7 7.447512843752687e-8 -9.19292830833938e-9;3.19197518495288e-8 4.865234589992655e-7 -9.281753941202942e-8;2.1555079507924617e-7 -3.314817937839456e-7 -5.853196624864872e-8;-1.2772973381304313e-7 -1.390812803539675e-7 2.448454069372745e-7;-8.208851007289882e-8 -1.6910016577466533e-7 -1.3495354897623879e-8;-4.172333195517672e-7 -1.8864347461207517e-7 7.836636189130526e-8;-7.039046121879109e-8 -5.042502207133718e-8 1.8647916612981045e-7;-2.0595157089777917e-6 -1.6579676090136387e-6 -7.122725964006492e-9;-4.156432504219584e-7 2.6541104909052855e-5 1.1293014493819982e-7;4.7227112977224663e-8 -2.893256287699266e-8 1.0727206225328133e-8;-1.2977743989097388e-7 2.6954583982083214e-8 3.4465902970174684e-8;3.9133677571217785e-7 1.172692229659697e-7 1.5769125163364122e-8;-1.6153607964424957e-7 1.2430163199284515e-7 1.1075127575661396e-7;3.3686419916408325e-7 -4.4248113023523555e-7 9.378968210185267e-8;5.733464455196759e-7 -1.3771330685921395e-7 2.4328544175284832e-8;3.550000670563983e-7 -2.46923284385235e-7 2.1910349110073044e-8;-7.977148736447294e-7 -4.499548783335876e-7 -2.0301144395141203e-7;-1.4928059120402392e-7 2.783797925714025e-7 -4.1242809821248136e-8;-1.983377358562837e-7 -3.718934853976147e-8 -8.868189772254567e-9;1.3822870426808185e-7 2.526049377172545e-7 2.239427464484585e-8;-9.632180940295739e-8 5.7118808926174195e-8 3.4362282888848586e-8;-1.3688314772046386e-7 1.156340506796598e-7 -7.215805122777938e-8;-3.1263971986649947e-7 -9.393720898765278e-8 2.8276065091071562e-8;-1.2581532860709916e-7 -5.110662663562573e-8 -6.038338405735547e-8;8.50721628832786e-8 2.2998013355144296e-7 -3.78519185516303e-8;-2.1135403399585617e-7 5.08983531262048e-7 1.484805997826836e-7;-3.849294687032701e-7 2.729681732410852e-7 -1.6474838444225463e-9;-7.362563705106037e-6 3.392404724684898e-6 -3.5558112497728953e-7;2.1742292317849227e-7 -2.8333918388359194e-7 8.881211449106484e-8;4.109258758727987e-7 -2.8008482628699057e-6 4.2739063719589283e-7;-2.8729038399065184e-8 -4.847721332330532e-8 9.63740262202876e-8;1.3331568631391307e-8 7.780955231825418e-8 2.8249584695942868e-8;-4.738324119407745e-8 -6.92447007957073e-9 -2.125336945876296e-8;-9.913975246449824e-8 2.1027593482355986e-7 2.582036937826167e-7;-2.5937442941955876e-7 -4.3747653385657064e-7 -5.357889195253289e-9;9.587351506011773e-9 4.319619410322885e-9 1.1885833150812311e-7;4.3057171802566875e-9 1.6919438826107218e-7 5.088943828604111e-9;-1.3729809191905796e-7 6.665886448082128e-8 -3.614036934921537e-8;-8.778247029928506e-8 -1.1258315327682323e-7 1.9425136877940743e-8;-6.192244460049662e-7 1.0425902879232757e-6 -1.1429281649383768e-7;1.7939626121766885e-7 -2.4514418550641567e-7 6.686493593471117e-8;-8.269322206923961e-10 -1.5836716488786374e-7 7.118273144576149e-8;6.922876147288389e-9 6.375038246455128e-8 2.3405649090065346e-8;-2.0840221971455428e-7 -1.828676390805443e-7 -4.6104800123387115e-8;-7.029699498609616e-8 -1.2922423020918342e-7 -1.4553631899063902e-8;5.439041315844079e-7 1.8975487619656307e-7 1.6140224070769523e-8;1.4405795582863513e-7 -1.4280001993084955e-7 -2.709724006000726e-8;3.868963069118056e-8 -2.1973199778772122e-8 -3.6111467674575807e-8;1.925697162177358e-7 -5.859804434805234e-9 -1.810384513385726e-8;-2.7206303838836047e-9 2.951611850859973e-8 -4.049028342291186e-8;2.020965242826545e-7 2.5150003540616768e-8 -3.121238022976037e-8;3.14302087947932e-7 2.2333080410539857e-7 -4.549796341265814e-8;2.3131889728527498e-7 -1.9406445156720363e-7 -1.9555464864214105e-8;4.184612208269387e-8 2.773125574056469e-8 -2.3041546849161703e-8;1.344180681193062e-7 -1.649795078444982e-7 -2.631551024082861e-8;-3.8158353797527254e-7 5.592482645923866e-7 -4.2600851462017755e-8;-2.111167532481761e-7 -1.7039081278072058e-7 6.903708323689581e-7;-1.8329643208468467e-7 1.9865243335396844e-8 -8.557857089646561e-8;2.4703343676242545e-7 7.92243400121626e-7 1.3689443717322457e-7;-7.829477127352539e-8 1.3539481115290586e-7 6.36320686400815e-8;-3.3105920973849864e-7 -1.8650277644455486e-7 -2.185130723351236e-7;-1.3525867372804722e-7 6.970066462776551e-7 2.9213804759499702e-8;1.7909435756373126e-7 -3.017102120744751e-7 -6.249562794776199e-8;-2.667164257011234e-8 -3.1516117069010356e-7 4.211123831948922e-8;1.936587120799026e-7 1.862216099479618e-7 1.0723157528451153e-7;8.763905098361707e-8 1.9774853776717854e-7 -1.7239628987131007e-8;-3.1673178427960983e-7 -9.983729169937571e-8 -4.8563393580443726e-8;-8.130440213953235e-8 -1.0901933801621537e-7 -3.47111983366074e-8;6.79722218120835e-6 8.028703279033786e-6 -8.042266565866326e-7;1.8370431416804683e-7 -3.4488785768967066e-7 1.2038121607106238e-8;3.402004003690387e-7 3.2085117853376316e-7 -8.629555403969733e-8;-1.1315470564283448e-5 -9.832209014465808e-6 -1.34226512832759e-7;-3.373789087466215e-7 4.5087569496751806e-7 -8.646174549332782e-8;2.2442130481140174e-6 2.148664914608176e-6 1.0717437069407682e-7;-4.873308839414848e-8 1.412070405294193e-7 2.7797414152741825e-8;7.900579225177082e-9 2.0836260947961447e-7 -3.043807965468977e-9;-8.265303028502154e-8 -1.479793785888775e-7 -4.850089347146236e-8;4.5050049122381215e-8 2.5496354838461633e-7 3.470131855056448e-8;1.069581754699641e-7 4.3953169228946846e-8 -7.222589360587268e-8;-1.5683975075414595e-7 3.6646789081191644e-7 -4.183478464846718e-8;5.14597453974987e-9 5.7169446934165404e-8 -4.407748423857252e-8;7.163609359735111e-8 -3.916602277430934e-8 -1.0500045858173322e-7;1.428879556684794e-7 1.7950654110967856e-7 1.534515265239459e-8;8.262153606339777e-7 8.56500420602934e-7 -8.624390980994533e-8;-8.54828444972235e-6 1.2824209678535249e-5 3.1612093134309826e-7;1.192809145965463e-7 -2.891037950152103e-8 8.769540754891104e-9;1.2917759635779602e-7 2.0317997061764228e-7 -6.721935384570563e-8;-1.6941419719230724e-8 -8.739068494884694e-8 1.573552846232255e-8;-4.894357858676043e-9 -9.636704928824754e-9 -2.7017797826165856e-8;2.8860428920833832e-8 8.658703949306648e-8 4.259411112257325e-8;2.2966619475472198e-8 -1.4019670065142016e-7 -6.4453284778737e-8;2.0193884195621465e-7 -4.968003039116514e-7 -5.619927694896387e-8;3.1432580822726717e-7 2.990035756190615e-7 1.4100975983941186e-7;6.451638491844087e-8 2.3018749378768512e-7 2.796582518573374e-8;-1.9303740843966575e-7 -2.1461388369656135e-7 1.528836271716585e-7;-3.204221751973929e-8 -8.687459410195415e-8 -4.5090805822074146e-8;1.6252017536153172e-7 1.773630339987306e-7 3.936533457583594e-7;-9.12120312705221e-8 -1.9085451828193253e-7 2.4804472135808157e-8;-3.442237672546534e-7 -2.5994733401252234e-7 -4.4047291816510046e-10;-2.945034510285466e-8 -6.429041189899182e-8 1.0225122621070477e-7;-9.591556146061875e-6 -1.2551283572452587e-5 -7.598348123782471e-8;-9.139714372080212e-9 -3.383401167339204e-8 -6.206040216670435e-8;4.4572324458032386e-8 -5.5029582801617293e-8 4.470730902722877e-8;1.9703418287246195e-7 2.038937089112503e-8 -8.100861463134277e-8;-1.6217590587149202e-8 -1.5520053904384645e-8 -4.483869536336094e-8;-1.263284770289434e-7 -1.6312307744459252e-7 -4.2975485372129974e-8;-7.051548657798157e-8 1.1265575652473236e-7 -2.2461989559391576e-8;2.3835245399486144e-7 -7.97688223828874e-8 4.1877974811650354e-8;-2.1008900306988502e-7 -9.953887719440202e-7 7.91813636147947e-8;2.0484736808486925e-7 -5.6185573919190556e-8 5.422856619821377e-8;-9.736814740528186e-8 3.976963546450842e-7 4.969984463820127e-8;4.5863935730067586e-8 4.536138290475753e-8 5.657538827040773e-8;-6.880213923923266e-7 -5.692407078863729e-7 -5.965879186041469e-8;1.3223443467896872e-8 -8.092180344759464e-8 7.420569655140731e-8;-1.3986313823460572e-7 -2.3232291054256875e-7 5.0693269922259775e-8;-1.3046964580074205e-7 7.119597389067712e-8 -3.5478683987438675e-8;1.2578238343659347e-8 -6.356000457632823e-8 -3.653405140772729e-8;-2.9223781155160596e-6 -3.2253504916733655e-6 -6.899117533253016e-8;1.3399578620093855e-8 -3.1260818587746454e-8 -2.466157160013803e-8;-4.1616071259449063e-7 -2.0762511699477167e-7 -1.815923938091537e-8;3.6688247465901063e-7 4.537770672442751e-7 7.538626221072911e-8;-4.587560776775324e-8 1.0958424603579059e-7 -3.6284077604683816e-7;-8.743469476245467e-9 4.5914043625801716e-7 -8.56110930845425e-8;-8.13728421230381e-8 1.2987740337880015e-7 -2.1939816943940853e-8;2.5559135688962576e-7 2.0002892976324106e-7 -4.682559513953048e-8;-7.043376407111123e-8 -2.7893895934931185e-7 -1.949985044131163e-8;-5.996692709138041e-8 5.0590137015786595e-8 3.2946800976988586e-8;-2.935386189453943e-7 3.3439784986850784e-7 6.848234523970802e-8;-1.0908822598470328e-7 -5.7398643594430284e-8 4.1429723017328635e-8;3.074658579853856e-7 2.955635928909952e-7 -2.9131645111776772e-8;9.084663240613433e-8 3.1631994717030024e-7 -6.46724832608016e-8;1.3999120383406218e-8 -9.938832859915921e-8 3.1163421134220546e-7;1.4674921981576612e-7 1.6257951613590562e-7 -3.898457928391339e-8;1.083292511954423e-7 -4.112605118890943e-7 -2.2996090695617432e-8;-7.603897835565365e-7 -1.1487999108076867e-7 -4.015714147918346e-7;1.7870506787855034e-7 1.772067012114037e-7 -4.8325112744090036e-8;-3.294544240737243e-8 8.290699099890928e-8 7.332639186397662e-8;-1.9779326414257487e-7 2.672384835683594e-7 3.817586136080543e-8;1.5382557282252206e-6 1.888543034571592e-6 -8.822726906028692e-8;3.6158359413934677e-7 4.15302500181094e-7 -3.198933730694994e-8;3.157739583408323e-8 -9.172255189314045e-8 8.848643578378105e-9;-1.3413954014681157e-7 2.5151208058977427e-8 -1.050772634095941e-8;-4.253041123485965e-8 1.4117479391782008e-7 -1.668306224374934e-7;-7.496328244463187e-8 1.5085591126519385e-8 -2.1477311175077317e-8;7.171648011699061e-6 -2.5078848958188586e-6 -1.0921239338541067e-7;9.404378337189466e-8 -2.1031358840605952e-7 -3.480830816548576e-9;-3.612308148663392e-7 1.63660526284681e-7 3.863161624290149e-8;9.110420273669938e-9 -1.1671857570701893e-9 -1.3855715505208121e-8;2.7036876517666585e-7 2.1537530303103674e-7 -1.0292065661454773e-8;-3.405351566933671e-8 -7.713155506694383e-8 -2.6757244710154872e-8;-2.68273483718892e-8 1.5168919233052405e-7 -4.672767756723173e-8;4.3440236933025517e-7 1.8774521576323322e-8 1.6754020565164985e-8;4.576482055686333e-8 3.532716660487221e-7 6.860777874655156e-8;-2.6441589815701113e-9 6.409029284920555e-7 5.877547622047675e-8;-4.931007762381562e-8 1.8853805843057047e-7 -2.09312080471607e-8;-1.1019187430952675e-5 -1.4191493106560072e-5 1.7620303195028517e-6;-2.8797558644959433e-7 -2.7848580614118314e-8 1.8562877384532423e-8;-3.458957086170914e-7 1.0823264423245569e-7 -7.652068771597771e-8;1.389693613872786e-8 -7.476361502331871e-8 1.9096954942852818e-7;-2.1832398433356333e-7 -1.246914278272159e-7 4.163232671675752e-9;4.4666379972243553e-7 8.026622223909346e-9 -4.318728878267994e-8;1.1581174014906617e-7 2.373209290556891e-8 -2.8269552894085522e-8;-2.15341771553466e-9 -1.470225049918039e-7 6.383220378121286e-8;2.353532197676631e-8 1.8796751945159446e-7 -2.176996932426901e-8;-1.9921884444192443e-7 1.4945105984297442e-7 -4.322612766866827e-8;-9.909886926052254e-8 -1.0018614296972705e-7 2.4427732331838054e-8;7.833781007895147e-8 9.627895969687773e-9 -7.033361937934011e-8;-5.2589892637237685e-8 2.9065918668489176e-8 -6.081042949064875e-8;-3.5513823056516545e-7 -3.626721060755222e-8 -4.638919658287556e-8;-4.907327297665043e-7 1.8571492606471394e-8 -1.0232152132116516e-7;-2.2709971416207236e-6 1.0881533628502492e-6 -1.8306625879489065e-7;-6.33528901042325e-8 -3.1082992242465694e-8 2.7272910493428608e-8;-2.0142272173067826e-7 -1.450893656388447e-7 1.0927391633867593e-8;6.651558184965646e-8 2.0014750313922884e-7 -4.2740256224864047e-8;-8.675098384118719e-8 -7.62607014725755e-7 5.321999872475988e-8;3.3621319012167776e-7 4.689199510419327e-8 1.9159105355649159e-7;-1.1036822484331511e-7 1.6093812479703406e-7 2.151816489202112e-7;-5.895837665648152e-6 2.9189894234314106e-6 -2.2569843431206764e-7;7.032859723096687e-8 -1.1439529698933149e-7 -1.7937266241583553e-8;-1.6705806844264708e-10 -2.2168569355786656e-7 2.191742918238662e-8;5.026677938052294e-5 -4.138328898597028e-5 1.5808760798494622e-6;1.741204807717371e-7 -3.389333886787059e-7 -2.057468527739949e-7;-9.206260147902088e-8 4.24276862833059e-8 4.140209959914417e-9;7.0967934535084255e-9 -2.0844127707184007e-7 -3.3820337861877404e-8;2.5562125663098046e-8 -1.5312927466804997e-7 8.978708707060685e-8;5.458269405588215e-9 -9.217029552363635e-9 8.564177237694655e-8;2.299660105100425e-7 -2.817159162063428e-7 1.3173948739871798e-8;1.1666045258796758e-7 9.649943317983976e-9 -6.627011097365442e-7;-1.3077823533645386e-7 2.0514874628979786e-7 1.2881194065024878e-8;2.8830738988727365e-7 -7.844479887820202e-8 3.3978753637098895e-8;-1.7928892388613048e-7 -3.833666402278665e-7 5.76974847165145e-8;1.4280857238469484e-7 3.0393021687680953e-7 5.5624851914085696e-8;1.2875639009299202e-7 1.568218736819888e-7 2.6960349608125757e-7;1.2822650883984266e-7 -6.89849093541766e-8 3.6956565998268604e-8;1.0174326405600705e-7 2.667504676475498e-7 -3.575216787485949e-9;-8.359869894666292e-8 -2.6825470522043795e-7 -3.3637973864754406e-8;-6.337016556668228e-8 1.2598059188552548e-7 -1.805745658064753e-8;2.114405747449581e-7 7.167944784683908e-7 4.72001557729074e-8;-1.3197436617419624e-7 1.396660903504685e-6 -1.7671913811330882e-7;3.082197831806287e-7 3.8249568355701554e-7 -1.26934001701711e-8;2.066761877850083e-7 5.208812811828588e-7 2.7696016028048782e-8;-2.2600500801648357e-7 3.5410660076299864e-8 8.386328628597497e-8;-6.165353434756205e-7 -7.433329383103783e-8 -1.905910007370111e-8;-1.0490770553175879e-7 4.4865463725090023e-7 1.167880676749862e-7;2.0082286269792503e-7 1.3657491160108278e-7 3.028936943008291e-8;4.250015974370251e-8 1.5363969922485598e-8 6.604922268634296e-8;-7.095751342356698e-8 -7.013849702972892e-8 -3.192843474509473e-9;-3.9391350871402403e-7 1.648557129846987e-7 -7.03583993357125e-8;-9.342569013591632e-8 3.3206496030638306e-7 1.6160011011890877e-8;7.790667946202138e-8 1.37641594848874e-7 -2.7977620308344315e-9;-1.8934382354872933e-7 1.0366689410387874e-7 -2.31443305897668e-8;1.9351492707011609e-7 -1.0685893892197895e-8 1.0526596108579216e-7;-4.1242555688436915e-8 -3.251973123827075e-8 -1.0491336987597208e-7;-2.688982415236481e-7 8.73800781241911e-8 5.709520302530283e-8;6.059624784856456e-8 4.1448733207086414e-8 1.9895454118955806e-7;-8.296400721325538e-7 2.497218384503115e-7 7.789777443153904e-9;7.169682606802649e-8 -1.868797833945988e-8 1.8203898156619715e-7;3.3998554770047873e-7 9.563976693456589e-8 1.7322890222211888e-8;-1.5605428389658935e-7 2.2266123314962052e-7 3.8940834661961003e-7;-1.3111284220996427e-7 7.468848399471206e-8 -3.4015923370956704e-7;-2.2224767294238306e-8 -1.1965447605907723e-8 -3.246989058413303e-8;6.435791880954698e-8 3.4848517180669006e-7 -4.743566138353384e-8;5.392254392447776e-7 9.200467945069464e-7 1.0496640286410902e-7;-7.431215842869006e-8 -2.1564204894967348e-8 7.799196176740387e-8;-8.451159575099725e-7 -1.4038964202323601e-8 -8.129188611235735e-8;6.395173104520494e-8 1.1827124770015703e-7 7.278341868088473e-9;-3.868962254974771e-12 5.50557168832976e-8 -7.940960364060036e-8;-2.2159898791666065e-7 -4.378750579564551e-7 -1.0641421707209076e-7;-2.3334326978593288e-8 1.858279643425323e-8 -1.4623946994475693e-9;-3.186600363522268e-6 1.4498527440617432e-6 7.250644683748938e-8;1.1171028644850034e-8 -4.361849404554591e-8 -2.783997737645118e-8;1.0458133146007156e-7 -3.8419212774082e-8 1.8628325975680957e-8;1.847494254211926e-7 1.53497719013235e-7 1.750567675940591e-8;-3.2335494705647528e-9 2.2756247904295112e-8 9.518529742886416e-9;-1.572170877351061e-7 7.25068471171092e-8 -7.067332667332919e-8;1.9737782057157573e-7 -1.3512370390520367e-7 -6.431342581838531e-8;-6.900998250533601e-8 -3.693866017876331e-8 5.125215359257358e-8;-1.2782122946325249e-8 2.8229408504146265e-7 -3.603635245986814e-8;4.5799795103938285e-8 4.8175229725521204e-8 2.0886913868530024e-8;-3.995032402300374e-8 -8.654397653848882e-9 1.1652744577080786e-7;-6.843387421470743e-8 -4.644055062859114e-8 4.641617074812735e-8;-1.727987686928298e-7 2.3033864743542987e-6 1.919195240943625e-8;3.4097266056030465e-7 -3.24931166219479e-8 6.802702023731675e-8;-1.0621373065623535e-7 -1.6567183857517883e-7 3.686651412901462e-8;5.094921560457205e-8 1.883634117548287e-7 1.4790470192889165e-8;3.907651544687784e-8 1.2622858853044776e-8 -4.787611163308e-8;3.929374370508487e-5 6.6630858946798105e-6 -1.4183545070422682e-5;-6.490772131611323e-8 -1.483505503362441e-7 2.76737278996169e-8;-1.0720709132791986e-7 5.5856201444572186e-8 -8.428513276648153e-9;-8.840321580583881e-8 -3.19088961807042e-7 7.926583008005626e-9;-3.6787175848213126e-7 2.803232185339777e-7 9.332674043792574e-8;4.763936835794242e-8 6.870727002461633e-8 1.4205712026851012e-9;-6.323286175529248e-8 -2.129479836755503e-7 -3.2575092254227736e-8;-9.035648755915318e-8 -2.445547787701726e-7 -2.4459604541024e-8;-8.412635715674822e-8 2.501586280070312e-7 4.035609604859561e-8;8.066640960218157e-8 1.7667685616805854e-6 1.476160232507272e-8;-8.356216647357015e-8 -9.408622254114826e-8 -1.167618214284297e-8;2.2298474492466215e-7 7.70379502192847e-8 1.1383787591981002e-7;3.73209165555816e-8 9.399639651466816e-8 -2.8332815681182656e-8;3.5986459385855284e-8 -8.206562974944899e-8 4.273202500823277e-8;-6.773133053901845e-8 -4.681604102125111e-9 1.746492440404683e-8;5.205408776762127e-8 2.070919340713786e-9 -9.071292128418532e-8;1.8460394343871164e-7 -2.804263158459605e-7 -3.669102094721138e-8;2.1900159515564612e-7 -3.6040409611542466e-7 -4.373512972129824e-8;-7.160157420534316e-9 -1.8731015052271516e-7 1.4669313459801684e-8;-3.7083706727366865e-9 1.0424577712657351e-7 1.5266565161777057e-7;-6.587382632393552e-8 2.5941103902796028e-8 1.4929846771084373e-7;-4.729898644366356e-7 -5.762732478860825e-7 -2.5423176089297944e-8;2.5947746857649557e-7 1.752770222304869e-7 -8.320524415942596e-8;-5.366135578353866e-7 1.9505591142666e-7 9.525320827422084e-8;4.8140506198105206e-8 -4.358800402444256e-7 -5.457129580389316e-8;1.8235826825323822e-7 -8.973121892982444e-8 3.9336406026438035e-8;-1.020231479484643e-7 4.165820037208101e-7 -1.0379171882609839e-7;-1.628715758629933e-7 8.91919166180473e-8 -8.05203472330235e-9;2.545580807713084e-7 1.9406391567264217e-7 -1.1605613901693072e-7;1.5816279345748755e-7 -2.8182054771965737e-9 8.422206416722142e-8;-1.58856595000096e-7 -4.06785385666962e-7 1.0706200755204104e-7;9.169724280603665e-9 -1.6862044949569318e-7 -2.0596322905290105e-8;9.071969030553148e-8 1.1135392117601907e-7 3.4233930330254816e-8;-6.54514412600342e-8 1.4598008705606552e-7 -2.8832317222287616e-8;5.664694214642204e-7 -3.0961178230289944e-7 6.470787716188411e-9;4.120103714026608e-9 -7.009744402417478e-8 -5.303172552255525e-9;-1.9973050923072808e-9 2.5384029626122814e-8 -5.6378018154263575e-8;1.184917796368014e-7 -1.7592101331614173e-7 7.502666571490697e-8;-1.652495915034761e-8 -3.274216230420852e-8 -5.132006748658398e-8;1.6994485941118184e-7 -2.2419227321662842e-7 -3.429430997644209e-7;-1.8050844296078074e-7 2.496055407354949e-7 7.901388077382225e-8;1.0366506993549813e-7 -1.0786250243258687e-7 -2.3418080248792192e-8;-4.394246276623519e-8 7.825569412191935e-8 7.279212457547841e-9;-6.825051069909513e-8 -1.363309071466929e-7 -2.6717434815651587e-8;-2.262275247643376e-7 1.2816672435448433e-8 -1.461569694264621e-7;2.3442393988737973e-9 2.073570474698556e-7 3.821266497001739e-8;-3.614846684828952e-8 -3.3928492819484e-9 6.634696085934214e-8;3.002662511634937e-7 3.245547414583442e-8 8.053957820659029e-8;-5.095727156514158e-8 5.41633339013753e-8 1.2000428204924e-8;-1.2153424709791225e-7 -1.6221689300950452e-7 -8.896253377518985e-8;-4.734031602622713e-8 -1.6833868185540353e-7 1.4778772950373835e-7;5.5273928823207306e-8 9.188075496637246e-8 -4.563427894602013e-9;2.7245991469195298e-8 -6.784315502927637e-8 2.343174579312665e-8;2.9073393867612673e-8 -8.573561785358909e-7 -6.481349881896633e-8;-4.4147083550306606e-7 -1.2651442660141483e-7 -6.142086462342794e-8;6.130515143539343e-7 -6.30255321449497e-7 -7.407572773506412e-8;-2.9006910791156753e-7 1.0313966875572663e-6 -6.023996728439581e-8;-2.604826762191168e-7 3.2529760797266586e-7 5.688533814608917e-8;-8.052364536873022e-9 2.3105782519452676e-7 -1.730277320380838e-8;-8.924188699604495e-8 -5.867160047274434e-8 4.865948311569224e-8;1.0426751126496447e-7 1.2997967477702839e-7 -2.735175845495333e-7;-3.2029751486251725e-7 -3.0738286615772983e-7 5.9588070161053395e-8;6.653619458301382e-8 1.4653399485828105e-7 6.452399863623482e-9;-1.3135672237561602e-7 3.0029147873739665e-8 3.8954639998297925e-8;-4.539855514636229e-8 -7.971715254665766e-9 -8.410694731439279e-8;-7.814941424986612e-8 -9.188756958743226e-8 4.089753416230253e-8;1.0009105472644218e-7 1.3685175484496385e-7 9.435767599399293e-9;-9.631340847498886e-8 -1.0025992324865815e-7 3.588556937400318e-8;7.06892735945825e-8 -3.3231055212337335e-7 1.0818621098460979e-7;1.622912395233107e-7 -4.095064885140547e-7 -9.01282615856237e-8;1.364634909201531e-8 -3.304272934054364e-8 -4.8714768826430573e-8;-5.1306498134852724e-8 -7.131492083955885e-8 2.1245724156532968e-8;2.7818709726850736e-7 -1.1200154601162756e-7 -1.9800611435733473e-8;-8.148595421887137e-7 -3.313285461012235e-8 -2.743342721728992e-8;-7.115988110319637e-8 -9.280548879298158e-8 -6.113859560146793e-9;-7.462005923439623e-8 -4.949896351284071e-7 3.221974291611865e-8;1.5903560010080338e-7 7.668021888540566e-9 -9.173358542250333e-8;7.449681811401537e-8 4.006197635447026e-7 1.1980187335782433e-8;-1.675860612168376e-8 3.7157567453641484e-8 -7.039617151709551e-8;-1.0828176652042092e-7 -2.1366361148077388e-7 -4.169138851543322e-8;-4.7081552609127174e-8 1.9385018393941738e-7 5.711293200834118e-8;6.051844103429634e-8 2.367477858994394e-7 6.04307585392013e-8;-1.5432788090799782e-7 1.7955210704476793e-9 1.236014312948276e-7;2.9535278171782333e-6 -1.220883305184793e-5 -9.401166726312408e-6;1.509067412254741e-7 1.3513678191042397e-7 6.892138921296283e-8;2.963068384129988e-6 -8.849976725799163e-8 -6.13903030540619e-8;-4.864029473779908e-7 -3.2529972245921614e-7 -4.615175262277828e-8;-3.472545631235536e-8 -9.676857172551865e-8 -2.439822088874746e-8;1.0693328471015911e-7 7.873480476658417e-8 4.6187141305470465e-8;-2.510819449551753e-6 8.445731154846375e-7 8.02605468119288e-8;-1.3820210739115013e-7 3.353549766069134e-8 9.214823764904462e-9;9.0025097876454e-9 1.6496865349649645e-7 -1.2619612709157217e-8;2.4225076314102607e-7 -5.0990381961392686e-8 -1.4328398062175868e-8;-2.3781557161296426e-7 9.019156649367769e-8 1.1412628607982177e-8;-7.251126330208069e-8 2.285614689554697e-7 -1.8122870601308124e-7;1.2588429712018948e-7 -1.434138782671017e-7 -2.766778641371217e-8;-1.3610582109531773e-7 -2.2109961748580103e-7 6.787785306123033e-8;-1.5139924363605237e-7 3.18066509704543e-8 -3.987125251193511e-8;2.4370068459002614e-7 -5.141007164260321e-8 -6.411554122764024e-8;4.863298302881717e-7 -6.102672577311131e-7 -4.152121601036366e-8;-3.996265978191093e-7 2.7560206825785886e-8 -2.4993471958819566e-9;3.874746049287829e-7 -3.58460396910969e-7 -4.200011276935311e-8;2.1961940219819446e-6 3.5527779275169613e-7 8.17594301675574e-8;-7.791526759078663e-8 -1.3614847587609168e-8 6.886515337645372e-8;-6.340724073167022e-7 -4.7329984915875485e-7 6.710292178649904e-8;9.892146195307446e-9 2.9348268810289864e-7 -1.6356318039681333e-8;6.662918624677968e-7 1.0702139355029728e-7 -1.978847994633578e-8;-3.7257984313013505e-7 1.512169298920876e-7 -9.601152817831989e-8;-8.19538872427498e-8 -7.773629252182814e-8 3.327692402953961e-8;-8.688713841223528e-8 -2.1582360422124943e-7 -7.964755930090078e-8;-4.115073530429459e-8 6.29164002988258e-8 3.899819507786403e-8;1.9123402870099978e-7 -2.73159731170539e-7 3.4144798135469118e-9;1.9591986985568385e-7 -7.054731884202977e-7 2.1287334523834134e-8;2.6134115494308155e-7 1.0486730724064752e-7 2.0376178332959784e-9;-5.930439745662435e-7 -3.4542933915975775e-7 1.4918965697034204e-8;-9.323548901325403e-8 1.3807900198997067e-8 -1.979943376740134e-7;-8.961009913220758e-9 -3.359543698153011e-7 -3.737702891985633e-8;-2.6267474753532257e-7 -4.3119951820714e-7 1.1573686322831604e-8;1.5454186369325402e-7 1.1166481992040319e-7 -1.1652179975510194e-7;1.130371342392481e-6 1.9636694668807617e-6 4.532810151825041e-9;8.617832514039475e-8 4.3498840086913693e-7 6.32083681555971e-8;-1.6295888868644798e-7 -2.28975031781267e-7 5.5370217717734736e-8;-5.9120832183114564e-8 2.84711967678066e-7 -5.549205270760531e-8;1.1544484235628648e-7 5.624691775067165e-9 3.8284562943208576e-8;2.1160535561482324e-7 -6.47267851231933e-7 1.1188068986605514e-7;-7.490780416502996e-8 2.0186842168740706e-8 -3.824783469276107e-8;-1.0617739442353431e-7 5.068660325956146e-7 5.2945005139656104e-9;7.447034034472444e-8 2.3334493434501534e-7 7.125203491752824e-8;2.0478364002201431e-7 -5.14131683855505e-7 -1.0986412027606029e-7;-2.3527631939558619e-7 -8.857458642924672e-7 -1.413852321731942e-7;1.300721142066548e-8 -1.809337286357296e-9 2.1713303577495522e-7;-6.240998025283243e-8 -1.071879442919455e-7 6.903269659689908e-8;9.138309704603e-8 -1.45787270615373e-7 5.526948501842759e-8;2.9975252510892946e-7 -3.6689075525978353e-7 -4.8907435104777286e-8;-4.539850082572143e-15 -1.8634330548092045e-14 -4.3362248799082294e-15;4.3197523109439114e-14 -3.189928291359975e-15 -4.464128374695432e-15]
zeros(1,514)
[1e-4*ones(1,512) 8e2 8e2]
[1e-3*ones(1,512) 0.2 0.2]
[2^12 2.0^-8 3e0 5e-19 0 0.5 0.5 80 2.0^4]
