-------------------------------------------------------------
|  Simulation Setup file:                               	|
| - Initial parameters are in order: positions,     		|
|   linear velocities, angular velocities (vectors)  	 	|
|   charges, masses, radii (scalars).              	     	|
| - Run settings are as follows:                         	|
|   [Max steps, Delta T, Co. of Restitution,             	|
|   A, B, muS, muD, k, render warp]. 				|
| - For random positions, set 1st line as "Rand";		|
|	for n identical particles, set 2nd line as n		|
|	otherwise set as "Rand" and specify radii and masses	|
|	as normal.						|
-------------------------------------------------------------
Time (Intel i7 @ 3.6GHz: ; AMD x6: ; AMD Bonaire: )
Settings:
[1.01e-5*([[0 0 0; 2 0 0; 4 0 0; 6 0 0; 8 0 0; 8 -2 0; 8 -4 0; 8 -6 0; 8 -8 0; 6 -8 0; 4 -8 0; 2 -8 0; 0 -8 0; 0 -6 0; 0 -4 0; 0 -2 0; 2 -4 0; 4 -4 0; 6 -4 0; 4 -6 0; 4 -2 0; 2 -2 0; 6 -2 0; 2 -6 0; 6 -6 0];[zeros(25,2) 2*ones(25,1)]+[0 0 0; 2 0 0; 4 0 0; 6 0 0; 8 0 0; 8 -2 0; 8 -4 0; 8 -6 0; 8 -8 0; 6 -8 0; 4 -8 0; 2 -8 0; 0 -8 0; 0 -6 0; 0 -4 0; 0 -2 0; 2 -4 0; 4 -4 0; 6 -4 0; 4 -6 0; 4 -2 0; 2 -2 0; 6 -2 0; 2 -6 0; 6 -6 0];-[zeros(25,2) 2*ones(25,1)]+[0 0 0; 2 0 0; 4 0 0; 6 0 0; 8 0 0; 8 -2 0; 8 -4 0; 8 -6 0; 8 -8 0; 6 -8 0; 4 -8 0; 2 -8 0; 0 -8 0; 0 -6 0; 0 -4 0; 0 -2 0; 2 -4 0; 4 -4 0; 6 -4 0; 4 -6 0; 4 -2 0; 2 -2 0; 6 -2 0; 2 -6 0; 6 -6 0];[zeros(25,2) 4*ones(25,1)]+[0 0 0; 2 0 0; 4 0 0; 6 0 0; 8 0 0; 8 -2 0; 8 -4 0; 8 -6 0; 8 -8 0; 6 -8 0; 4 -8 0; 2 -8 0; 0 -8 0; 0 -6 0; 0 -4 0; 0 -2 0; 2 -4 0; 4 -4 0; 6 -4 0; 4 -6 0; 4 -2 0; 2 -2 0; 6 -2 0; 2 -6 0; 6 -6 0];-[zeros(25,2) 4*ones(25,1)]+[0 0 0; 2 0 0; 4 0 0; 6 0 0; 8 0 0; 8 -2 0; 8 -4 0; 8 -6 0; 8 -8 0; 6 -8 0; 4 -8 0; 2 -8 0; 0 -8 0; 0 -6 0; 0 -4 0; 0 -2 0; 2 -4 0; 4 -4 0; 6 -4 0; 4 -6 0; 4 -2 0; 2 -2 0; 6 -2 0; 2 -6 0; 6 -6 0]]); 3.5786e7 0 0] 
[zeros(125,3); 0 0 3.07e3]
zeros(126,3)
zeros(1,126)
[8e-9*ones(1,125) 5.972e24]
[1e-5*ones(1,125) 6.371e6]
[1e6 0.001 1e-8 5e-19 0 0.55 0.5 1e-5 1]


