-------------------------------------------------------------
|  Simulation Setup file:                               	|
| - Initial parameters are in order: positions,     		|
|   linear velocities, angular velocities (vectors)  	 	|
|   charges, masses, radii (scalars).              	     	|
| - Run settings are as follows:                         	|
|   [Max steps, Delta T, Co. of Restitution,             	|
|   A, B, muS, muD, k, render warp, Gradient mode]. 		|
| - For random positions, set 1st line as "Rand";		|
|	for n identical particles, set 2nd line as n		|
|	otherwise set as "Rand" and specify radii and masses	|
|	as normal.						|
-------------------------------------------------------------

Settings:
[0.1504526993845685 0.16470881131153225 -0.00872109203943101;0.08372001122081245 0.12413505535306607 0.028683125146605655;0.13055625793147005 -0.007974695626914148 0.022523374850919726;0.15800726244410845 0.08918496330222714 0.01742217878471032;0.08259432437838411 0.16387141609669137 0.00807150065903489;0.11435630362299917 0.12767057090606618 0.0571193490615549;0.10965070882791003 0.07705667275940027 0.021707964850898764;0.10678900019349505 -0.013854469709049917 0.03905699005812681;0.13122363709040796 0.14420812263464058 0.013261458580595895;0.14264396273508104 0.15225890521126118 -0.00720358951981167;-0.003319366217279767 0.11432619824115797 0.058619889290134855;0.16096976451077558 -0.010045419723718266 0.05692008016589291;0.16616380203856093 0.056183128498199106 0.014043356651380977;0.07002664424682684 0.11967824473762721 0.042885707470574436;0.014108036616826497 0.13005477359374337 0.06416421919256832;0.01820088924472235 -0.04385372387663661 0.0737811348700643;0.1565235378462543 0.19998418943109073 -0.015240968795763088;0.08377026555623708 0.04438777529717294 0.04591051224044736;0.0567269901838514 0.07591083996863746 0.029148471288805947;0.04419789765809208 0.0015326787931264057 0.0321976873770393;0.04516505730754044 0.12335281319519523 0.03913818582735226;0.14255726220079237 0.04959318861948102 0.02134264406945486;0.13931483051432525 0.10345999068766686 0.028155533545484245;0.0921385131970853 0.10882461400842433 0.026364001576578453;0.015300764496165055 -0.017750744156001124 -0.004405963980412882;0.03785437168508321 0.05800805147527756 0.01805774144695422;0.1534135476756826 0.10580052164598455 0.04862525041170865;-0.004606926320272772 0.12009133039996855 0.05908370560408909;0.017915706472377474 0.1868542055979691 0.07553930328538269;-0.015699765496842176 0.0697661193346188 0.0020303318720754455;-0.007941611376436819 0.17973706304263956 0.06817782012464095;0.14529344485136064 0.02156651277254279 0.05966786761253788;0.010990690109336534 0.06322616235990472 0.038770489187708625;0.08269753414268403 0.0008056413069191966 0.04024607513969054;0.11211352406933792 -0.008346964216654476 0.06882025090803931;0.1500247487764298 0.007909961530130427 0.007080762961405961;0.09731560284956105 0.0689407027177641 0.0327951345797947;0.00533504713266683 0.02362365471524397 0.027785598079554292;0.010578200862175955 0.09453568559529697 0.05848461406499812;0.09315231641671776 0.14341698216510332 0.044289346457058974;0.046071051027873886 0.053354354312713105 0.019752859339820246;0.00016688425967515552 0.0714039830502344 0.018165354379035433;0.058626368266140136 -0.018131757530974263 0.010739360696039996;0.10978005567385388 0.11796912948270775 0.03925947591010324;0.014744544808864748 0.08090496993525449 0.04763403476493916;0.1351308366098096 0.1450028141220711 0.003074914364043181;0.025578779661156077 0.2101513338690708 -0.013412998952211602;0.05644935410886521 0.08867202633550328 0.03289825400940896;0.02037220205443404 0.04560637368217821 0.038410320940761564;-0.006667516234079176 0.1060306041530347 0.022149342030537002;0.1681873318792429 0.09205360150044617 0.04208701741795462;0.16127130340063972 0.16533611829860298 0.0017240778102272437;0.19724369957420698 0.1487760997624493 0.0044638284748824645;-0.04364916375573341 -0.029339522833576413 -0.04342073370589076;0.019599347099985464 0.15266946961203118 0.008152746705742052;-0.007334383588819283 0.11394190798965163 0.05759044071741594;0.10153058260593051 0.019355113484387107 0.020914640248965236;0.03290070526404693 0.09935474846986338 0.014488764960209814;0.05193057524412903 0.05150097034244226 0.027024132828955626;0.11367290117533907 -0.04990484851771383 -0.003482544380654884;0.15744176942911534 0.09833790772967711 0.007137058828262314;0.09758178584739698 0.0016890811537523952 0.02897740236929337;0.02213774817948582 0.16386576944042752 -0.004960852796174401;0.03951927390004593 0.09539135987084883 0.04731598649650497;0.1457618244121545 0.13588355655371512 0.06582735866921742;0.15151244228810834 0.11695733633017606 0.03996071061850866;0.003636506268193248 0.118777777275111 0.06657108054859688;0.13109623305217832 0.08480360128452485 0.055614526843376574;0.0659464479054423 0.08318067869186145 0.02214348748088832;0.11970057758818511 0.09032068908341759 0.041315071216307175;-0.015144168472114004 0.03380274486806781 0.05770996169847601;-0.04132264018355929 0.10329288002868553 0.007942512295353716;0.04847498066695806 0.04199400871371404 0.041595709980155104;0.13277711861604247 0.013779061547412173 0.06540303752909885;0.11774620383152817 0.09919212571766771 0.029927006823862172;-0.015042263694559832 0.05234713094795357 0.04091539000045633;0.04110961074461964 0.016350311348475893 0.039780838065590685;0.13728052947689942 0.12991278622113372 0.05823050230969237;-0.023065496408555645 0.10118769619108625 0.06623889999038012;0.012774672864252521 0.12236615829912165 0.023634153531972346;0.054600391856912275 0.060183906847949276 0.029368750850282434;0.1433992839651377 0.08440122454766845 0.03488483155491611;0.11868850777114767 0.04909787693479541 0.04762223934458569;0.08578859291914165 0.02423367877503313 0.04138914591403385;0.008957319990103596 -0.005865668989708769 0.003925890712102689;0.13653979295600963 0.10881694878116038 0.03858571111895974;0.011285993416022592 0.025087093015795085 0.0478995122690869;0.12611812216647225 0.06414844394685805 0.046706042994828126;0.14716193908635394 0.04010148373452126 0.031584525582038586;0.008227221769571677 0.11126302585218424 0.05524398633716515;0.05448714272844786 0.05029447706711339 0.02820636818471049;0.1274921000774738 0.017611951045848402 0.04790117250956017;0.03991575637769186 0.1591105685081196 0.05794469938293008;-0.01055457441621039 0.06468161502112572 0.02376927389935837;0.04433028882969636 0.040615822566736313 0.03151410234572873;0.02147688155632433 0.06962426018471682 0.04529605683953867;0.08573041727073843 0.0730260086464242 0.026688028125889895;0.021024398899421474 0.08469685443349156 0.025529606255659497;0.14641136183065903 -0.0034758625516865837 0.004391451965431691;0.09384735319745147 0.0035196465421706066 0.05943051640150018;0.09849518768629421 0.14543208975932312 0.018333834355744302;-0.03660158779743354 0.1375446995715441 -0.014664432145372228;0.12327579581978144 -0.025749985053602507 0.05233797467659381;0.03273275388436398 0.1551012220459083 0.04842888599499893;0.16245684976151817 0.15283967569552817 0.050102040054332164;0.051847393925766344 -0.011182889912756133 0.03564967413201919;0.06982227771807102 0.0168926165896753 0.04094847199372837;-0.018441579111540523 0.03990003336390626 0.01228379549522098;-0.009986356391467256 -0.000283215747014896 0.05847598820423586;0.045032330509454425 0.033600711060657575 0.02087111806800903;0.1407373478205402 0.036255708775394094 0.05424060200132578;0.14721396908139717 -0.02440794967205868 0.002104604776011979;0.02347123562633286 0.11395891606275527 0.011785744892500755;0.027273620679196857 0.01981397457498997 0.03438941919020904;0.024390484116660078 0.010841045954382374 0.03463705067458922;0.021932117010949187 0.0850830777412361 0.03407840103169211;0.026119421982628822 0.061879577281082294 0.014061033829144708;0.03617173138137063 0.04802533848485174 0.031181310938592117;0.1254068951787791 0.02747056608944074 0.03216926341478729;0.057665562573609025 0.08631160685600876 0.027186169941141106;0.14234623749270162 -0.025845990444308683 0.06375753257624833;0.1391308580795964 0.12624663389068902 0.06693665227477451;0.04835074425763677 0.0038862366433904385 0.05013759307536146;0.02402256976426112 0.069612160837896 0.029593132978450162;0.11009920459374893 0.1339483386230722 0.02804752469744031;0.10386293403018403 0.03954238392055294 0.04569511427061078;0.13714365862388997 0.17790416998681885 0.050269718061220325;0.11649682985061077 0.11638046646022965 0.011856325073573551;0.14515439419768592 0.094283281982503 0.04785500324218747;0.1087174264694704 0.12397626463566712 0.01320166619672724;0.031981498531192906 0.014014564701747105 0.05665489127888073;0.16147924923935633 0.030382026452988722 0.043458095450754936;0.03445753644305495 0.029918886938293192 0.046268045663835085;-0.004957389996936438 0.10071086151386216 0.016721525463786472;0.13236261276369957 0.08118305448849991 0.04038385041087589;0.08930409894482245 0.05680077757296714 0.02009354165739133;0.06354971945507407 0.17378616737327462 0.04409105753940429;0.05436425055183129 -0.02671524593866961 0.057962554145729;0.02221379820358559 0.0047656430612845095 0.007587053913146226;0.11328331040662955 0.020484992451300414 0.021686877814489677;0.03650315887624114 0.09166078134582195 0.023307079330993352;0.06226212420627581 0.1024920395238512 0.031080165376680232;0.12856264796719158 0.0019837330952106103 0.01441263618579652;0.03676097532368529 0.15887944000884693 0.060256559059133935;0.010200070640001599 0.08120802271355781 0.04049951894745743;0.1586211920875112 0.05258977738407658 0.06188985143952758;0.0636783669737864 0.03931080872051197 0.02645316710829981;0.05266954895718226 0.052893220348178144 0.021278843961134053;0.13654065150187666 0.12598890426364348 0.006072123063425567;0.11516999507582146 0.10321988963538178 0.037160345187109006;0.07643815083115968 0.058377724445511314 0.044936540931583474;-0.027603136808507584 0.11716261839896701 0.021659400365631423;0.11294652768252933 0.09500174309145455 0.0273743350439122;0.0313020045814061 0.16955490721585437 0.005932171970819609;0.10588066555140861 -0.018102821793751382 0.05852745101871626;0.028222220799476214 -6.307623110732355e-5 0.007171774211272967;0.1181122855011611 0.01855708446944738 0.05990672790798833;0.15230298170603096 0.06810710216251342 0.051091087365336435;0.1389072761104435 0.11173101517987664 0.03796258206356905;0.1384456182106081 0.1290790928761329 0.0437648368783249;0.17526730586249095 0.030072063385860645 0.058769776702934026;0.1279267698815941 0.0700389992191402 0.02618352857303155;0.08518276237252967 0.1697083824958688 0.059124156456489774;0.022654883018955976 0.1611485928529201 0.00581277129350615;0.1613689583213075 0.1458113891506871 0.04267067877033455;0.010116835102092417 0.08688506984339256 0.03411986399229069;0.10230193270222335 -0.006422579378311771 0.01581666810262703;0.06887322426174541 0.06101621135496668 0.04655260918168834;0.029267913781446053 0.09418262860147412 0.049043272447018796;0.1894154623252629 0.10055676144157512 0.012155481850386157;0.15655736164607495 0.1357126774645678 0.06242988464804203;0.10576356482709097 0.14637563511722945 0.053055495671974755;0.10102907881755376 0.15125619937335347 0.006537935272551358;0.004530969499628895 0.06459218906498783 0.037459811482588506;0.16457005385392026 0.05022451580406117 0.027738952417973865;0.0012825176549127494 0.0660591281503214 0.014526267297407087;0.13528479007768834 0.03614834499807923 0.045222139946733894;0.10365264015931212 -0.010141384455255418 0.06289859534056548;0.06507531356291918 0.1808998511014962 0.02399534849859864;0.13480321202291692 0.06541203816475885 0.021581096496426932;0.02315038669356638 0.022027418618228118 0.032633783842271974;0.16577624424962015 -0.0291506430417807 0.08710838136686483;0.1037856743028638 -0.03444511088967951 0.05136790220149805;0.04020803863037023 0.09903589532322893 0.030018547717586008;0.0932626098293179 0.02243412983063898 0.030465536520770914;-0.0209184628056552 0.0783760547459522 0.06439482455950594;0.013604995933609214 0.067386067845114 0.019586963637276245;0.09929537865472185 0.12178457641323287 0.024646978589468255;0.11904268705817604 0.02337659239656837 0.03418694694780902;0.07084445128571987 -0.02561291936451371 0.06933298962166741;0.08986393799091805 0.13578201395833742 0.027852989371538264;0.03880875399741057 0.10565759544120984 0.014692528966110657;0.10214821497466801 0.12516080946687036 0.03819783360707316;0.12627548697581253 0.15736135274749494 0.059862148418963895;0.10662642421487685 0.13303344910867787 0.035976417479839165;0.012699970266389499 0.018049401797979182 0.008218583045063883;0.04187092576106392 0.09829514455648546 0.02803419068729244;-0.03936963792979812 0.06762662015738398 0.05652649356637826;0.11010133932342338 0.061234787668270646 0.030060608685582066;0.12030791803904822 0.0593675098161449 0.053828206538273166;0.17455374347937047 -0.008520503924317009 -0.007549379524718018;0.13402638709483744 0.05044532501155344 0.04167357825289393;0.10505599071924233 0.05102324455597431 0.04804725342054526;0.12180226801866167 0.00714154823520155 0.06012598164410145;0.1314795884069165 0.035153744750394296 0.04633941232622918;0.013621383710805424 0.11823881749538348 0.02628330824821394;0.1395771153674859 0.008492367301878613 0.04901202180385562;0.10290952952518448 0.07020961932520539 0.04508614311843357;0.12732533875555394 0.05995837902452731 0.025113131320610445;0.03083656498710781 0.03571586720854096 0.050188983336893964;-0.022337337518774404 0.05302438077228043 0.06444423216566496;0.0843959236432663 0.17384374831905625 0.04772524500139219;0.1619601422967741 -0.020599016092384202 0.07997166823598748;0.09999854160588467 0.14516276857160532 0.008256854791906057;-0.013698588275217975 0.12643437170032826 0.02280860630982065;-0.01672114599384107 0.17662052522769223 0.08772826199681401;0.13426447345187797 0.1358546200339984 0.05017690173079742;-0.006566624255561837 0.001274300606066749 0.08000873359441008;-0.02010230715396336 0.20001864248640117 0.0995824521856806;0.17204799443298283 0.010380911335562997 0.05455296366006296;0.07736935475440837 0.12144436237040486 0.03517434165840024;0.13523051046070975 0.052044857318324936 0.055735283168851166;0.19355902780596262 0.08885959281141434 0.06207367549491704;0.12064994333676479 0.146100380765176 0.04271530215634664;0.1296579760871737 0.025876393139621392 0.019242006693392183;0.002363071970675085 0.09587705210103833 0.02717844360176836;0.1242559254460579 -0.004599949023244998 0.052251980748493056;0.15314057939199305 0.15137050355588516 0.008605549375109323;0.14834999691105014 0.03760044549138307 0.02462810194282795;0.11798558812712408 0.11418543938743266 0.052178010744619606;0.14604718434349548 0.023808739217014412 0.019426809179740028;0.07934994523049224 0.02539632412136498 0.032162124342888745;-0.023146604485444533 0.14792688327980202 -0.005724064033746055;-0.013688998795514053 -0.019324628170093797 -0.013788479126101575;0.06243393280607054 0.10874172680079278 0.03933257858113427;0.009542845616939766 0.11054392743588111 0.01769478483791464;0.080323756697611 0.08762941740612785 0.03622877883957161;-0.019923391645234285 0.09731351792791915 0.033744680003145816;-0.0437935519784725 0.04597711644037515 -0.0051424490886339096;0.13047015841459164 0.0009255385248574236 0.06665511959612655;0.0665490497774899 -0.03037722168709156 -0.007512049804047345;0.04550107467694092 0.09776452626418401 0.037261938922345805;0.12257092227347376 0.07965892660930458 0.039943880283053027;0.0406773062996013 0.12720025596751397 0.0165529903797609;-0.011126157938135818 0.1828483308804835 -0.024715536867370443;0.04651780262298963 0.024826835351876526 0.02886581475559592;0.03609963055742489 -0.03869318319958019 0.015837117617099078;0.0064235621392384375 0.14787659937018166 0.05701350101429182;0.17648647755499094 0.024833083123117106 -0.008322031199341199;-0.02912208482810129 0.17411445118308566 0.02209121472801443;-0.0029399669148847665 0.19152362575795145 0.0836252003614473;-0.036343494136788224 0.033438079519375614 0.009981906194732042;0.09598631122140758 -0.01143936677778322 0.04433945978881268;0.15504386601434464 0.10268806013200116 0.03740438339441875;0.1380668402755657 0.11197227810451874 0.06254864321066031;0.16342306460178554 0.054688836289976804 0.034511612923519425;0.02484354625766448 0.1316815904918819 0.050274685390199615;0.14732454492418107 0.13061844243345458 0.060634809403967295;-0.030292349738737588 0.08036734258335988 0.0005681355817293517;0.14163722090281683 -0.014657310517255846 -0.01184342542894911;0.10797899381582135 0.00019257278522616752 0.0348337033257301;0.07969094972047162 -0.029590149111783 0.05097333631980078;0.17816020497535956 0.12555716164927075 0.02731448361159761;0.06386885675071778 0.055348377460680935 0.020660564450730536;-0.019069839438661182 0.10893936780589607 0.07553922073337567;0.16428752112674272 0.13586770912530546 0.07719471768193586;0.023658394985713028 0.013084980637950442 0.045198060588828665;0.08185777358965035 0.004198813587097982 0.03958529176123801;0.07868280734737464 0.16848872287189068 0.03065740046479046;0.1831454122522712 0.1154333057095497 -0.003358898408992778;-0.008824057619625693 0.14256695287907467 0.0751041489489567;-0.023905075253665732 0.12222222440033488 0.010937763801960407;0.16717237991298864 0.10160844032871286 0.01686478531326041;0.0024347745707074707 0.09079544981813648 0.04902688761449216;0.15186280498363988 0.15477851294134085 0.018721112851604577;0.01300019851773148 0.11017366683825786 0.029620806303627536;0.0315386399152983 0.0315953197396031 0.031398915092471655;-0.061754485956477916 0.06666197724141598 0.07697743700632079;0.025514567746846697 0.04671037874289443 0.044639851727208024;0.14860506068511933 -0.04094053909848744 0.08889355990705897;0.041956525904582015 0.15859510366836002 0.04399078548263068;0.0021853829628865904 0.16488131286582255 0.028233325427442325;0.11709654404246987 0.06310074507704334 0.03776207405863276;0.06326232295156999 0.022633571751549925 0.04034497654009282;0.11978663980025521 0.04091936135807843 0.024879386411782372;0.0565066679685379 0.039337134140168824 0.03898867228514785;-0.06177100142173921 0.07532948892813912 -0.0037244766526167913;0.05108458768030674 0.11819740371326717 0.052461523030178495;0.07646210240233076 -0.028567555229052986 -0.00017377183682144807;0.0395742163555825 0.13175154712627904 0.04483721966945982;0.04538869319005294 0.12972436368077347 0.017011196884471932;0.07785039312353804 0.1056463434890639 0.04819661069793285;0.11904467664273179 0.05186188927723904 0.036787216994413084;0.14274795714180594 0.07085477612231789 0.05721408233527005;0.10997386895832735 0.12399206977834826 0.04002163095554556;-0.05874779346382536 0.16751410815763704 0.09988590669073003;0.023433939427164596 -0.017506192082911903 0.024110061040108377;-0.022234179769981696 0.12119300345576862 0.008252200096311871;0.014646448836914006 0.002889295834539628 0.039030475171203616;0.05744392206336847 0.1209833783838897 0.036279575236198895;0.04235629511071151 0.021113472660087805 0.045473511428826156;0.026310035075716366 0.1069102650219138 0.040342333555006424;0.030490357113161212 0.01247043127316492 0.06489702869831776;0.1887120901947966 0.16807531816211224 0.0027438761623927105;0.07246163309887756 0.062263631406793946 0.03283785788976805;-0.037756579981998904 0.07057762275089506 0.047232272744679164;0.15714644069752257 0.047083056575589574 0.0014214456532471457;0.06812924898520162 0.009778787155942627 0.023325391402101252;0.10665009188761129 0.06562668763631904 0.01898842045636017;0.10421441535301654 0.13227178473000606 0.03835359120702686;0.07789558029947638 0.04287804133437213 0.03243229954935156;0.15170402857699905 0.09248835033381035 0.019400300425383796;0.053577569142744 0.04723916962617388 0.03442384647043273;0.05306379574837222 0.07391476437512308 0.05050753334563156;0.1565340584684662 -0.035980409114650135 0.08090533803393785;0.12086930372397915 0.05503712103295674 0.03216200536341916;0.07176341370629963 0.10267954499278256 0.03783382530961072;0.017531962939873927 0.01018989706222256 0.06444645523374962;-0.0015947858253381754 0.022631879874654252 0.0335834635827085;0.10920994992050659 0.11571223644237506 0.02293591149349826;0.16781289366365906 0.09639929465311722 0.02410670681272946;0.11390127477955171 0.1164576991363711 0.04866986269862589;-0.03247702390952553 0.07390174632746702 0.04040659102150389;-0.021893290140182875 0.17119367757385692 -0.00416122716981746;0.10928234798710035 -0.019654739854246293 0.02710970658172494;0.07376453377298334 -0.05299595054644403 0.07708848863328652;0.17905825329502195 0.013790423808028607 0.031141706576440623;0.09667523007238406 0.14218142159447317 0.057846884297802645;0.0410052488656047 0.021916479480259113 0.03180501660635145;0.08144522976645435 0.09078033781048658 0.03294444123356147;0.09001861667105322 0.14432124409923297 0.062256798728504176;0.13418535857092875 0.0702169952740733 0.04379257569359264;0.14340775112967605 0.01793830358051676 0.03528381003515417;0.12600995045071411 -0.001893421044222529 0.05273524473616914;-0.018891994544312087 0.06363465626026682 0.03495808573152495;-0.05091558378834039 0.06349836034293939 0.005866744370946482;0.14649061707118605 0.02722985716869669 0.05513159928997188;0.11475901817918399 0.04214185506767411 0.019964504232292755;0.17715867749477665 0.012534314256789308 0.012252639045975858;0.0845856217745527 -0.0064599570178725954 0.023881130329350585;0.1450210569116616 0.04898147089728997 0.03096778870802274;0.11326206610815125 0.1944882206760209 -0.006483666255124289;0.0358756955031231 0.041813228224793206 0.023583313345561883;0.08920357091316969 0.18820823243993684 0.0443041535474616;0.07340928311714834 0.0792592031787162 0.033065834680174364;0.016649677423674455 0.023772038229610274 0.056873283390877924;0.013537141903168747 0.08670582471902642 0.04253126309486098;0.09295488813289206 0.06596271607262055 0.04721875927406888;0.041874387632858466 0.08782528960683653 0.036523262493743075;0.03442748042711927 0.0610722499457855 0.02459616813547541;0.03560819888233325 0.07871680555595532 0.045185072908279604;0.015238673387879091 0.07845818562033065 0.0379071225403534;0.05191120449256749 -0.027820808274225218 -0.008938638342469689;0.06487154350290444 0.1224377531165064 0.030220818818992808;0.15369581399592105 0.01135458552333549 0.033878633895871986;0.14415926679946364 0.04602427758832294 0.06085252575108041;0.0907154845658274 0.14173703577685218 0.017141459339900744;-0.012650359583848029 0.1103473375923935 0.01677763458892116;0.020786630390711755 0.08053165204916839 0.04067728334732694;-0.02130531924011467 0.05768600940341688 5.6592729380922694e-5;0.1333741757285539 0.17596204154577555 0.08060618274709419;0.10418219538247973 0.17621737271211327 -1.947083540217625e-5;0.01591518174471577 0.0937515894722929 0.028438053524559147;-0.025571834193950895 0.02877428471184647 0.009826167373027753;0.13774194956970104 0.1543309552006883 0.022698583901671933;0.03203249678414033 0.06410732518473299 0.016348070084143095;0.13458136795266823 0.1879990831431289 0.06814414421687146;0.11898238536201138 0.12012692504167456 0.025901021700975104;0.0911189661545404 0.13445576899101042 0.04080589782153472;-0.01785960471723243 0.15857611360947207 0.05098516923525627;0.013466115860775514 -0.003607822830749577 0.0734806079108867;0.10904589574255416 0.0818234402191459 0.030878751862568166;-0.035964112529334714 0.11433871934228614 0.004916884024045908;0.1578241764607912 0.08360727021930213 0.0482923963783805;0.16536789980183408 0.0066940811587291905 0.03748945938758481;0.10276828112028408 0.01737666104117313 0.04188987882203195;0.18388585367720478 0.11826724482647424 0.01979684052396711;-0.05232598008307005 0.0456202729569741 0.06983084471319158;0.04125908076984516 0.015874075598727062 0.05054902942826357;-0.027170077531243755 -0.02263103138678199 0.0833087437703415;0.13305410696635125 0.06355740202705343 0.05886742628577746;0.15787699378714068 0.04779171453429841 0.030761226318445526;0.11029523137670642 0.11708636793549118 0.017080989200837733;0.12334855437358479 0.10026292548776189 0.03823214705030115;0.002975740904708205 0.04408942040308085 0.02078190351474515;0.00745733675361618 0.08800130990479087 0.06197194106421458;0.1349113666192544 -0.01191105502225449 0.058345831247251734;0.16296035124582295 0.07335986699432888 0.005481233329594229;-0.012304798446905137 0.029605763513942906 0.06951488379854515;0.18580847518792476 0.09830318580406266 0.08007244369598128;0.1728448224090597 0.06132059817283132 -0.003296956604899471;0.16306535452570384 0.061983782233692775 0.05015421066117867;0.15002623457734568 -0.002990419214734751 -0.0008797755917475705;0.20075936871481098 0.1582091601677484 -0.01976232227045254;0.09212100151919606 0.014789857421047038 0.05069138913681793;0.03360259354043676 0.12837718825444383 0.01765295573597215;-0.017255202475674577 0.02692421447163927 0.007109631948083957;0.1461453784439231 0.17804319901318186 0.08102762316996491;0.06027564433767717 0.06530270933095053 0.023697892078340246;0.1109113071786151 0.06364302200747235 0.05153095478598217;0.09425495502338915 -0.031969918108791094 0.03211027303898076;0.17967681545556832 0.03996384448403746 0.0012216012492807062;0.08036564600236729 0.014805262768256429 0.01654501119774645;0.1619409880485225 0.10488072522683325 0.05558267446960788;0.1556080292260948 0.14211787688892696 0.0719050163719908;-0.009325045581407846 -0.02027102737924797 -0.022613566560803076;0.011532756187045683 0.1739017590519902 0.009490030836814562;0.15489052554970056 0.12397278502847388 0.044150812489350336;0.15589252252478758 0.02299444189042072 0.008270381085148767;-0.01923719409613652 0.08827644533726911 0.06129493740549419;0.1442733082352671 0.11496666581827156 0.048644243595789685;0.10013779132336018 0.057749033857977236 0.03054676425077201;0.14093547484006963 0.1663822166951835 0.05954643425561022;0.04475639573717527 0.059691957184143385 0.04668445314899779;0.13687101058737636 0.09999673237256748 0.020125148018673093;0.1807075458597933 0.08759905142146297 0.01111448108273881;0.0368784393920291 -0.031003521983038382 0.06598815031691806;0.1691975154555295 0.09268366205173872 0.004306520792029005;0.14087746677658117 0.11933412627711446 0.03612003749124337;0.03538016303910532 0.08678317822875649 0.051064526678185805;0.08481227004831451 0.07703880001626304 0.04057327307008718;0.09962250982486057 0.01706335892557434 0.03998603022810271;0.09274896317491187 0.0024560310389539785 0.06287958527216986;0.1828301571279964 0.056947608403181846 0.0012799266907736009;-0.004724589518275637 0.01713255128521985 0.004780511462484259;0.08788712717818659 0.040392442323470196 0.02311838638142509;0.15655522901277613 0.09747958618277129 0.047626612409488386;0.11353179949545844 0.11188828605184561 0.04752440391150017;0.09053523112819917 0.024783394519796536 0.0329436547511522;0.04898850667450183 0.1535265999167202 0.0053568436807326526;0.22358397678558528 0.11595137304282373 -0.014268466361898918;0.1059845279736641 0.16600772080419374 0.05671200895652344;0.08896317588801295 -0.022198596110063303 0.05853044822538399;0.06644387551269733 0.07864467964237486 0.03872530464843192;0.15296182954502088 0.15076042044089938 0.02642847571104765;0.14876048526624625 0.14267140094904612 0.028631588315331715;0.1421234226530937 0.05589803128886854 0.02097227701975634;0.0373115797521999 0.18525094540098097 0.05960048580306514;0.13038349475832253 0.06446022589531034 0.05139963940248017;0.06623789781076066 0.06985705088515262 0.030052442395769575;0.15142759698733713 0.06973147661861996 0.030301819278509147;0.04520219062420308 0.146450026301274 0.032930753290760534;0.17964783297423956 -0.03979455987027323 0.10500721765652815;0.00928724351387125 0.17512829912648226 0.017181213510408272;0.1402961235929412 -0.008648087146145752 0.013454960474002709;0.09938404311118601 0.13203241914941327 0.013034869242657919;0.04149863169991112 0.11140820966908976 0.05584945776964509;0.18036616093821908 0.10706586273839852 0.0674330456645432;0.04502119740420473 0.07267668902257012 0.03552719172754621;-0.004200338873755066 0.010970916133197324 0.01716518064842203;0.14507993292856108 0.1294972167983999 0.0706410697055536;-0.011812477412849194 0.1375650964189583 0.04856577559974794;0.0023080547361338547 0.016444462507520977 0.032028470202085955;0.13772310785249264 0.04458199296097036 0.021855197036073096;0.05276036114734782 0.04041203950698015 0.017596610949980475;0.16239626602338075 0.013587635719845146 0.06633021061278249;0.043435951324914415 0.08491496360498385 0.0481420151099483;0.14588299993237247 -0.06586971452589938 -0.023753088561292622;-0.009962045946834227 -0.012393623532800751 -0.005767111691874794;0.20296602974217987 0.08191120832535831 0.06184414851571467;0.025475301987133162 0.12454810952729516 0.026386019660283786;0.09930421719064633 0.07171998858938042 0.03255717447221893;-0.03303187417762374 0.08844703086186534 -0.010070434836288809;0.05454654827077818 0.022207158418519776 0.022878049663819157;0.040851486223639114 0.004050809856066644 0.04607123246434347;0.006459393721691201 0.0009363698463165832 -0.0006958725450889695;0.1295587523336252 -0.004596208145464987 0.008455188303974064;0.08400457448147014 0.18117695621565766 0.02962531642057918;0.14785897988264332 0.069662238271554 0.03619103133629986;-0.00611933726020371 0.03201054534945232 0.06825192820233764;0.08339866976410149 0.11838004345048196 0.022329654902320743;0.04363386605095869 0.010774014786215105 0.021442785888505955;0.14525549655562356 0.12075443261006723 0.060406047504446;0.12275924790577912 0.14395285675695413 0.0526576848762044;0.01856633540036156 0.13518020509325737 0.02916721156807669;0.11884671625065843 0.19558452491968453 0.08546849578950864;0.027663856273142547 0.08701351240402676 0.03087398938150395;0.0445326787447406 0.1396839549823117 0.047758279043283565;0.17384550592500259 0.13557758856056332 0.04362218573941104;0.06822204119964712 0.08986904590853778 0.029322477154878727;0.056437622134105137 0.1400896543733142 0.01516168612720246;0.0475186376141645 0.03479031666280679 0.017846052090360363;0.08635353359828396 0.14551099572078185 0.051207433796871024;0.136181916200144 0.145129663343081 0.04785467476156659;0.05781839766370251 0.1114189712934247 0.04772689749771138;0.13137185298233994 0.09165135017068461 0.05778065550481628;0.039341439384502026 0.18998283166647717 0.02756656878082432;0.1500590035066223 -0.022963322146082495 -0.005449896006373706;0.1389606818800159 0.033638407446246354 0.04757983826373486;0.03453343347287338 0.09315433568900919 0.04106845043991512;0.0007368888514967078 0.1285617381138211 0.05515708672097029;0.13905752472978897 0.001470952018413723 0.05639079629201471;0.13784885809403974 0.005469363433578036 0.019906473535758026;0.03902329779513734 0.03883040045135916 0.035592350224683565;0.12845365010298648 0.06490266587003352 0.050650198988983715;-0.032801582005058554 0.1012162616528888 0.06874012001597302;0.09106672086788238 0.17276856812822175 0.047577983768963154;0.14819684744952638 0.01614597598361158 0.018250181772989302;0.07721264527968585 -0.05457527420597917 0.04723357307789654;0.14503865474466604 -0.025438568981236694 0.07492756081514362;0.004253568411256247 0.14967538641555897 0.01081033202103992;0.1346905337718766 0.04272283803445755 0.01827469580927197;0.16852522151376492 0.06139351995896957 0.061337614331952145;0.05572415123729574 -0.00557356756778026 0.0472513009784587;0.11936604485982914 -0.03136468335144982 0.052571737531604615;0.1666792381161903 0.07830756648318724 0.033147390272142405;0.16480410590235658 0.13507085365574256 0.035652954940497854;0.17514885234007152 0.15680129788898586 -0.0023555909773282195;0.031220267210402827 -0.004107850654610348 0.029698508663339007;0.15230249611784885 0.0030484063872438013 0.06012462246250551;0.16274287377654217 0.041129357932155886 0.06563650202477184;0.13925746419756255 0.09488102805401 0.021890537449282706;0.07500107915512484 0.07500105374019979 0.2510473108261645;0.07504900813351574 0.07504896384697247 -0.1809973172796304]
[0.0002009603345965381 4.878487603872321e-5 0.0002328983122149144;0.00016080099150664041 -0.0001459947617700121 -3.775747800703701e-5;7.51158940023564e-5 -8.308417537488701e-5 0.0001272723833642016;-5.419501845706407e-5 -8.31429471534752e-5 6.0928018950874944e-5;-9.399253898993237e-5 4.3453062332182776e-5 -1.6313292022391174e-5;-0.00022385996306861433 9.053678657269711e-5 -0.00022842549190821128;0.00013038532780761106 -3.2460328456773836e-6 0.0005276024156097692;-8.309821992146178e-5 -1.941498574325579e-5 -0.00027915756140807377;0.00011491026216281299 -6.146838555095434e-5 -6.537447895266805e-5;-9.436883076396397e-5 -0.00014728089301590923 -9.259460741826742e-5;-0.0002229840097017732 -1.0535298055249083e-5 -0.00011552705592804959;5.7326172941465286e-5 0.00011156877216988439 7.607141987655103e-5;4.578138594875454e-5 2.8006842967597688e-5 -0.0003574207129801416;-7.693280895635508e-5 6.513380368801489e-5 -0.00023385357963473126;-3.1270435470579828e-6 -2.057230855674753e-5 9.267919324195591e-5;2.1251282710943404e-5 -7.466343846154007e-5 -9.397575893977671e-5;-2.3686343351802126e-5 0.00010750351113576824 4.476907030864166e-5;-8.491345734587208e-5 -6.908630958959465e-5 -0.0001075461689058009;3.4610166455493895e-5 3.123580205579836e-5 -0.00027218963913204036;7.095906506950254e-5 -6.12608537017741e-5 -6.417417306967607e-7;-1.2685436214456002e-5 0.00010613756529749275 -7.663774020331881e-5;0.00013117082489230958 7.0634920086866464e-6 -0.00028445812603181315;5.307829513778246e-6 3.888437307918211e-5 -0.00024426690118120755;2.59087967106674e-5 4.442155573754819e-5 -0.0002062016935779987;-3.780269126976752e-5 -0.00012804496511431988 0.00033676680912529433;-0.0002398183901619197 8.524794020995661e-5 0.00042896092568421454;4.7567948085307175e-5 -1.6546475648857703e-6 -0.0001687791147936257;-0.00018599481307110633 7.727218810594116e-5 -2.0867504424746824e-5;-0.0001243606208033978 9.22544162841301e-5 -0.0001331185958322439;-0.00017048265991238132 -5.2642436645082425e-5 0.0003275665878487026;3.311353539289248e-5 -9.942142193604847e-5 8.652501334940471e-5;0.00010098003808631665 -0.00023610544554156167 -0.00010722219595060722;-0.0002746413420481375 3.135211725541415e-5 -0.00035856121241530727;-4.893880765725768e-5 2.3958814447591137e-6 2.0016395623016707e-5;0.00023879032971271883 -0.00019224886434007183 -0.00016025639803977804;0.00015273175210859873 -0.0001143122141293181 8.762607569025118e-5;-0.00014207928341633346 0.0001121746572646931 -0.00016864496873161754;-1.613573804251229e-5 7.445888365478197e-5 0.00011395087471559471;1.4938859506881314e-5 0.00013091529076372194 0.0002580726229744914;0.0001772492311489267 5.2323452788005786e-5 0.00021020710088375194;-3.726434092578433e-5 -2.991276116483233e-5 0.00018537262976011762;0.00010602080703738414 0.00010315591016414644 -3.786737093522899e-5;-4.08149134570221e-5 -0.00011159782146948023 0.00011273906092383162;0.00017183852287473264 0.00020568745690468254 -0.00023499896665855235;2.6915766175108562e-5 -6.047971904318468e-5 -0.00030215024911897463;0.0001700246704454759 -0.00010326305698585206 -0.00013171299836512292;2.482272157749112e-5 0.00017029126984609847 0.00020237768914599337;-3.736577051063788e-5 -3.5616833402320576e-5 0.0004944282488664252;-0.00017760301554678283 6.444038350863221e-5 -0.00020338141602662587;-3.31678840952371e-5 4.816357455414899e-5 0.0001935201646151216;1.1263649828486635e-5 3.6886041918244184e-5 -0.00015391127977245445;1.3394215059132536e-5 4.271605175111572e-6 -6.50855496822424e-5;-6.0542958680525926e-5 5.925500830907911e-6 -9.212804754000265e-5;-0.00015391989012599635 -0.00025005573690111766 9.915177204242752e-5;-0.0001655659991123396 7.462039297072401e-5 0.00012771058868421;-0.00011906659157618839 5.542976951326387e-5 -0.0002205062227673452;-0.00010432390612862611 0.00011482676729539388 -7.528046645386557e-5;-0.000237725556623607 -4.9626683258732425e-5 0.0003688526855493079;0.0001838402080658035 -0.0001977267649818415 2.755922511720934e-6;9.171335126159957e-5 -0.00010871342731173596 9.501031541915142e-5;0.00022113996989459348 -1.7218875372549048e-5 0.0002314981943748334;-0.0001506942483540173 0.000140703523414094 -1.4381207139718758e-5;-5.279257632508659e-5 0.00021562424497197503 0.00028360247745658744;2.197628175527207e-5 -0.00013120198674478268 0.00015069018175342322;9.134126303946119e-5 3.1632206534016105e-8 2.7527497465492054e-5;1.62515131336008e-5 -5.72811209172479e-5 0.00022835309867269183;-0.0001291958523720935 0.00010613483916985648 0.00020763217505064883;0.00012862695032473772 0.0001344206230228562 9.919675560923609e-5;-7.385069204466534e-5 -6.17654023645e-7 9.237914590805673e-5;0.00018972114597188663 7.25638952330118e-5 -0.00030918250755303977;-7.873977215181974e-5 2.6315627277374257e-5 -0.00019349511660273462;-0.00012034101354024631 8.043597208850356e-5 0.00017206735408608107;0.0001262217799690644 1.576083551710069e-5 0.00016452195293572262;-0.0001420175740150045 -0.00017875290951146103 0.00015031659197310178;0.00024151727958058631 0.00020887606252221737 0.00043032107931547617;-0.00010255689785037642 0.0001327708420675241 0.00014170433459943275;-7.547374745250419e-5 -8.049845811421059e-5 0.00021337607907668645;0.00020824765330792975 2.5616833450905225e-5 -0.0002165464230666715;0.00011332519502066608 -8.48464238890059e-5 6.52585855500792e-5;-5.823800722930481e-5 -2.3388923105676622e-5 3.497136527438421e-5;-0.00021170101750452814 -0.00018005140316935226 -0.0005193928171380576;0.00014823758250625486 0.00019501854691391263 -0.000179149104892457;0.0002223865961868349 -0.00020911239795210038 -0.0002026911077255202;-4.721033962528267e-5 -0.00014273077831404674 0.0002468782929845266;-0.00022752136483600457 -0.0001075574020601702 7.127131389748769e-5;4.917314966140856e-5 -0.00014244799834852077 2.8321124610747936e-6;-0.0002574772536345072 -0.00021152115418177775 -0.00014433159187116342;0.0001327427482297431 0.00019814770651359226 3.7839874129836224e-5;8.533578939271257e-5 -3.646282127970575e-5 0.00010940346533942347;-0.00022829193672190204 -7.726970020051292e-5 -0.0002072130872968792;0.00016748172893977324 -3.547591360112017e-5 -4.1310569160013715e-6;5.21725588353646e-5 5.438192911120077e-5 -9.249475165773445e-5;-0.0001221071354267614 5.405931709231244e-5 -5.7612512712524655e-5;-0.0001513202095553735 6.91260401457762e-5 0.00013694852588989607;-0.00020283640809116022 9.921261804293233e-5 0.00033137126976030633;-0.00011159536509632176 -0.00012396586376124915 1.2346142390978323e-5;-7.906590490861885e-5 -5.9461226431897794e-5 -5.9301404281198315e-5;-0.00011360008717734646 -5.876711243490298e-5 -0.00018516504376624304;3.0497693677686072e-5 -0.00014638074418185632 0.00019821162254944565;6.72384812520918e-5 1.4981623256675263e-5 -1.8844990318006546e-6;-3.6382568254927256e-5 0.0002413001710129089 0.00026398344529083277;-0.00012347827572394384 0.0002229770479200041 1.858738292977874e-5;7.486989544788635e-5 9.168534358680709e-5 8.334654647782757e-5;-0.0002096822441449624 -1.757340747370354e-5 6.976683369515699e-5;-3.564905141751111e-5 -4.92832507425931e-5 -0.00014513506929108753;-7.899568619372941e-5 -8.289777878251079e-5 -6.693534762799266e-5;-4.781260633025798e-5 -0.00010450458167369977 -0.00020786075761926954;-9.184335099726284e-5 -4.635339170849195e-5 0.00027855216374868464;4.554792749396717e-5 -0.00011179635381388853 -7.202919569102157e-5;4.289475667753577e-5 5.5592378947280685e-5 -0.0002441456868112306;-9.109712226826227e-5 -0.0001257457007413356 5.515394246251889e-5;8.886937167832797e-5 9.584484028042911e-5 -7.453884977249161e-5;-0.0001757264445204331 9.820741470820603e-5 -0.0001013663457545871;-0.0002039030081583323 -7.78441560516515e-5 0.0001055300976781146;0.00015179823171565057 0.00015101921903309492 3.267446493403665e-5;4.815050507616399e-5 -2.0571680798712157e-5 0.0002618257579546271;6.514053108083948e-5 -3.459086991850367e-5 -0.0002670840127763426;-0.00021230681962087342 0.00010240493203265767 0.0002701335681886213;0.00010754462014931466 7.373086252308536e-6 -0.00024072896010838573;-0.00016268190222953947 8.286674270603067e-5 0.00016237808980574603;0.00021117354700069918 3.658752203932417e-5 0.00010164991704556648;0.00018632054267201555 -1.7874515320433554e-5 -0.00026582696618639346;-6.360259012955169e-6 -7.442890472142221e-5 6.994611424065163e-5;-6.752428867511368e-5 -0.00018387945239384457 0.00021450420044741376;6.745061176918059e-5 0.00013706938551383014 -0.00034815305209231367;-7.662856903861149e-5 8.00808637776402e-5 7.211157287834352e-5;0.0001912481513562784 4.141938513298835e-7 -0.00011014167476926428;0.0002601141280137268 2.864277604651448e-5 -0.0002318956741418044;0.0002583389857913283 -9.797083257564894e-5 -0.00014892045924529932;0.00013144638875634037 0.00022800358171082676 0.0003661830076601171;-0.00018883381738092912 -6.937978929016428e-6 -0.00026621251533010323;2.6481203956987495e-5 -0.0002290597123743231 -0.00021823752591816273;8.054578020540829e-5 0.00012631241506970165 4.0669836238122523e-5;-0.00017959845460339868 -9.059278591286794e-5 0.0002456452563087725;0.00012724749351993316 0.00012899931838587293 0.0002408517328006986;-0.00011828907345407462 3.0689140185449183e-5 -0.0005644080577707432;2.4528877751970865e-5 0.00012491452109953148 -7.972227142295365e-5;-0.0001475043208659091 -0.0001263450643386643 -0.00017468909810513305;-3.674573008260675e-5 -6.590900432459592e-5 0.0003751193213899816;7.307092613857138e-5 -6.154809495808576e-5 0.00011774580423222197;0.00010770795501901734 -4.9967239082284594e-5 -0.00016559329899001958;3.613725220611947e-5 -4.944650063723937e-5 -0.00011164141123427356;0.00013864619864966277 -0.0002507193937769935 7.924225130507894e-5;4.301364501510461e-5 0.00016253489795138752 -0.0002669119366523141;5.0554155375754794e-5 0.0001495828464679522 1.1962225624790139e-5;0.00013363071508941404 -0.00011840502111110916 -1.1890430810717663e-5;-0.00014836768766786956 -0.00021408366700854134 0.00036471766232435614;-0.0001714412291823187 -2.2520303561292203e-5 -0.000596385417737632;-0.00011994967458893715 -2.847461418948849e-5 -0.0001237063313791868;3.945037302915242e-5 5.4640599347650305e-5 -0.00015616463665958207;-8.878701184666593e-5 -9.871482527074221e-5 -0.0005046715030142043;-0.00028047675312009514 0.00017341177034759978 0.00011049409481483806;-3.988178185700929e-5 -3.686453561342615e-5 -0.0003155772416818189;-0.0001995052957776518 0.00011378246397358471 0.00019319039124271226;-4.553444520376856e-5 4.360288977667951e-5 5.1576072333206044e-5;3.6274691867644216e-5 -0.0002832262068503308 0.0001964729570254162;4.048469450489378e-5 -3.935401796516034e-5 0.00028871042879006044;3.1461609329218215e-5 -0.0001538531859249785 0.0002336879954797389;0.00010511080684617394 8.953212648378258e-5 0.0001872429835871042;-5.505661400800119e-5 8.115419183777352e-5 -0.00013105517733468956;0.00016975722606602528 -0.00013389315688680688 -9.642603877676323e-5;7.30156109921142e-5 -2.9581870075725945e-5 7.992116492284203e-5;0.00018149517712721185 0.00010612799746218602 -0.00031919521242500476;-0.00018025385691162243 0.00020716754334779345 5.976423685586817e-5;-3.127154634692524e-5 0.00018093224670492997 5.151623538611883e-5;7.97501241994418e-5 4.1015715006581794e-5 -0.0002025218808374259;0.00011092764425883477 -7.164224839042271e-5 7.686045986737738e-5;-0.00010850276821502478 -3.499144725265057e-5 0.00015094652633838867;-0.00026679324725363486 4.169124795486051e-5 -0.0003691254649169314;6.26420090124711e-5 0.0001395903862631813 4.277386516878522e-5;-4.695064246089385e-5 -0.00011844614751655925 8.71000561431795e-5;0.0001868351926344128 0.00019503115849605233 -0.0001117754008302037;0.00011341630323829533 0.00019359964074892644 -0.00010821087272607657;-0.00012004504640554593 0.00014572768058180658 -0.0002575745804319928;-6.333081471349386e-7 -8.104738037649243e-5 0.00012221409424275349;-0.00012445515886510438 -8.103576118618369e-5 -0.0001659417480935799;0.000169684374595981 -2.7356705382203955e-5 0.00012808395945276428;2.2904142945357282e-5 9.992048228527248e-6 -1.9126673145398515e-5;-0.00018468475177273625 6.248502739381093e-5 -5.260749335776053e-5;2.9689160902912325e-5 0.00010993213648720803 0.0003295659980687742;9.154019520414305e-6 9.604075651378179e-5 0.00014580806923184653;0.00019589089651129619 -0.00010590043666507146 -0.00016301446978132567;0.00013951064191357416 -8.051794397238081e-5 -0.0001813807409854231;-6.473829603231612e-5 0.0001002330959139914 -0.00013097085098270024;-0.00017163482702630493 -0.00020192193415520906 -2.20408361680377e-5;3.1566341093520374e-6 -3.040900369910437e-5 -5.454980006060537e-6;-5.819965506192663e-5 -0.00010840299776985415 0.00024343685667337932;0.00015334982056823692 -2.8799850866788532e-5 0.0003075449880454037;-3.2690760618083465e-5 -0.0001338649866827879 0.00011694334683350015;0.00016173511756301445 -0.00012327275940188958 -0.0003328910439276539;0.00014577639648446185 0.0002523391457099654 0.00033028340349997807;-9.526452379480878e-5 2.8515614816293987e-6 0.0003795233512071422;-6.260562459251833e-5 -0.00022680397760951087 -5.302828881914702e-5;0.0001848585617916299 3.733582446485029e-5 -0.0002875925932721429;-0.00012269293014874675 0.00017405920955818852 -0.00012293748162937917;-0.00022260547611409765 -7.510800097040178e-5 0.00016595608943241051;-0.00012115405011521714 0.0001421278389865856 -0.0005750801158411133;-3.2680158103452285e-5 -0.00012950940538886723 -0.00017368676887955835;0.0001113229886513191 -1.9051602923435792e-6 0.0005844241705436321;6.130817153663421e-5 -1.5131682945882048e-5 -0.00047872541730829284;0.0001129618412770581 -3.132983780173452e-5 6.092824203816244e-6;5.250770252353598e-6 6.535612277974545e-5 0.00021940769759145627;0.00014891476071439807 3.249410316666621e-5 0.00026095064707102407;0.00016656258907226195 -0.00013335262459117302 0.00022994194285433473;7.429543244525293e-5 5.375233528530384e-6 -0.00019047811087516495;-4.97587590368181e-5 0.00014785485619995997 0.0001161765057596421;4.835071005011781e-5 -0.00010066037115424497 -0.0001879781174590959;0.00015161556117874027 4.47270293449394e-5 2.786434141208668e-5;0.0001863264854644806 7.437666603300163e-5 0.00021511263962332143;-0.00014806737459061508 5.127585719353483e-5 -0.0002546401259695144;1.7303355680513264e-5 -3.5520532296905195e-5 -4.564583987769009e-6;9.959085209800499e-5 1.3663899294807465e-5 -7.625068053679374e-5;0.0001015835590430692 -0.00010123748490666786 -0.0002712312128221213;-0.00011002427368849864 8.977075424046703e-5 0.0003318498408458484;8.0442836804637e-5 0.0001999138449523095 -1.3740934683068845e-5;-7.766478755994264e-5 -4.181281764722071e-5 0.00013373707346371255;-4.986030645304978e-5 -0.00011149509917390546 4.2836896653765e-5;-0.00023813462415472495 -8.496765726277697e-5 -0.00020096449520611655;-0.00019461867677436777 6.443653061602557e-5 -1.8399239540193085e-5;-5.4409538220798564e-5 -5.127852757620293e-6 4.114683517416313e-5;-2.1909708912466922e-6 8.547808331139548e-6 0.00010319466195213845;2.2763134041625037e-5 -9.290089522216111e-5 -0.00011419672697549207;7.805984739324465e-5 0.00016724627547291273 -5.6995740622276905e-5;3.863052117821442e-5 0.00015571016553201866 1.2418027910537809e-5;-5.3248981442960304e-5 -0.00023667850276391818 0.0002910320986245122;3.7781338100803935e-5 -2.8175234149522163e-5 -0.0001901157098376011;-8.210485778682159e-5 -5.381675731883848e-6 5.0861182614110885e-5;3.625964059397946e-5 5.624702586140728e-5 0.00015341837573520334;-0.00012078773550189357 0.00013232732011989712 3.357202692568495e-6;0.00029234383182003443 0.00015390383822881887 -0.00033383942737235474;2.314805385682265e-5 -0.00011189233712073975 0.00020747485446273762;-0.00015367856398583435 -3.5265243215601027e-6 -0.0003489504510131845;2.4675797903180525e-5 -8.71166378383041e-6 -9.885381921769413e-5;-7.439138703377748e-5 -0.00024288621518026184 0.0001573689451926061;3.6146831222464526e-5 0.00017808407461076587 0.00015674156189756725;-0.00013416790981197284 -8.662763161574953e-5 -0.00011262527405692396;0.00016131218837409772 -1.61598381598715e-5 0.00025918828680076503;0.00012410989611898144 -6.625752507354118e-5 -2.4074950307544343e-5;-0.00017636503061581768 -0.00010813170877162227 0.0002217450301799846;5.0635186437130964e-5 -0.00021787523677683116 -0.00023128359345205322;4.9942484175644656e-5 7.009408344281933e-5 -0.00012727821256637798;0.0001732857261653 -0.00018626690903139495 -1.2028279388022148e-5;0.00024486865520047767 -0.00015580136624162495 -0.0003145840422898768;9.705441494498417e-5 0.00013037254710185426 0.00036330643530288383;-8.857936962787348e-5 2.706189148961795e-5 -7.86631698164609e-5;-0.0001395190449075189 1.1219423224224611e-5 0.00019191203707858096;-7.944343793627298e-5 -7.361232794559168e-5 0.00015677845307273747;-6.443365328612309e-5 1.2435104079585713e-6 4.609142276584732e-5;0.00023210323588748099 1.3526737354714457e-5 0.00032490602379351406;4.524473370926974e-5 -8.69766353617677e-5 -2.7224057153504106e-5;-0.00015559438476934697 0.0001442066507322742 -0.0001431008914521168;-7.738060187436524e-5 6.761003216432293e-5 0.00015823306209716265;-2.7530598898882654e-5 -4.342219319540023e-5 -9.496768610391834e-5;1.7907649031605037e-5 0.00010349350101647473 -0.00019416857248068982;2.6986497622270202e-5 1.8630476073234192e-5 -0.0003142246271385977;1.667291012051738e-5 7.958187704955098e-5 -0.00019191714892263467;-0.0001821558200470427 7.039086411477636e-5 0.00016656226784723737;0.00012121220714151671 0.00016473494703376043 -9.734864274141696e-5;-0.0003113627207635707 8.611520981702565e-5 -1.3664798739746354e-5;3.2769685791361955e-5 -2.9412708703698336e-5 0.0001077182655525554;-3.9614047051012565e-5 -0.00015024066042714312 0.0002125612251935264;0.00010475344558536656 -7.708231410482087e-5 -0.00025137037805302264;-0.00011192672448676808 0.00014153510860575422 1.4817205566997185e-5;-9.353354386132414e-5 -9.587777128765659e-5 0.00024701412672810895;0.0001252873051137489 -9.751233997148419e-5 9.784328115912892e-5;0.00019411863881062242 0.00012241082104319279 -0.00019057414261145183;0.0001492927294727897 -4.891040113539889e-5 3.1677104983388995e-5;0.0001648610659329274 -3.5619374519296596e-5 0.0001938815572555514;0.000133010971111921 0.000146048209450373 -0.00017511570759701814;3.74332849034094e-5 -2.4433865989547712e-5 3.4224199809626184e-5;3.7905611804408056e-5 -9.055382902683813e-5 0.00013375007703484188;2.941953998043115e-5 -1.7092301344971568e-6 -7.907516486911253e-5;0.0002113762360897359 7.964381822381247e-5 -0.00021599652728918986;-4.244991221511753e-5 8.533689203823195e-5 -0.00019072995244313553;0.00015852119055137387 -2.917430594310635e-5 9.299248056690378e-5;6.173685151747653e-5 -8.739890277211168e-5 -0.00023079342921460477;8.556385926102344e-5 -6.549627262547696e-5 0.00020366487987945474;-0.0002369872805460778 -0.00010740665311173893 -0.00018782417713888866;3.1779399600137595e-5 -0.0001392108090694633 -0.00024084712986179247;0.00013974631578211023 -0.0001517881565872407 -0.00016554462330957455;-0.00014281224134834558 -1.2063197587899468e-5 1.9665811346748774e-5;-0.00015579858816223887 -0.00011136311173263378 2.4863186403821212e-6;-6.073535085981402e-6 -9.643853533513295e-5 -0.0002799654913086212;5.4116218446304196e-6 -0.00011885868493867058 -0.00017894434781534182;-6.332253517600125e-5 -0.0002023117218884434 -5.965926384058756e-5;-0.00020462441417625317 -9.473693410757614e-5 -0.00023253836438545702;-0.00020776413928272965 -0.00012371465674222847 2.492084499986863e-5;-7.917099768699491e-5 -8.34826456693763e-5 0.00021684809893040565;-4.734404471964925e-6 -0.00013519436119199653 0.00027432115395098304;-2.813183211955361e-5 0.00022784091145987254 -6.794578401571405e-5;-5.714065463171226e-5 8.395955580055013e-5 -9.313872248663549e-5;6.0529752692596655e-5 -9.240197844853522e-5 -0.00032283972364200353;2.1026274979175696e-5 -2.723183094975076e-5 0.0002081012029655032;0.0003161819038742084 0.00010169696877177196 -1.2002565515470425e-5;5.450716752049952e-5 -0.00023434150876180734 0.00016163247682238728;-0.00012411938403272753 4.393953270569914e-5 -5.408157181679809e-5;3.0217572759324736e-5 -6.026279581871687e-5 0.00019629085561478725;1.2954583325398106e-5 1.424967545027e-5 8.776386891320741e-5;8.76968128398736e-5 -6.630479602581348e-5 -0.00015815232736895828;-0.00010109091556615666 0.00010459642393066217 -0.00016240105910384606;9.739686538490222e-5 0.00011708705789068393 4.691290781729266e-5;-0.00015906481618932543 -1.830792280186218e-5 -0.0001063172504032871;5.009416264516592e-5 -0.00013280935320395833 0.00021360531268981858;-2.688724644022897e-5 -5.6915580395800254e-5 -4.965416704631338e-5;1.435384532816829e-5 -0.00019789245103999316 0.00027582340728637814;6.713902220203361e-5 -0.00011136569122129102 5.41198907195096e-5;0.00019840821822167404 -0.00013775524084176793 0.00021301215923628933;2.3253701782650942e-5 -7.376545985745787e-5 0.00029132243090889087;2.6141739107783436e-5 7.131272867529523e-5 -0.00020580824430221068;0.00013328950127920207 0.00032899091304091954 -0.00017433670509077803;7.529328965101698e-5 -7.318740288030327e-5 0.00025914529497383004;0.00023178895702700484 -2.6869840514026624e-5 9.892055113939638e-5;1.8792378434637284e-5 4.3064481126569635e-5 0.0002761777023626352;-0.0002028602116682256 -0.000101950509457192 7.897043631215814e-5;0.00018980991188830454 -9.636929376414383e-5 -2.872960807561147e-5;1.1345992209447413e-5 4.1754067069623056e-5 -0.0001407714436362217;-3.8468993098134535e-5 5.020350168256982e-5 -0.00026122762305955756;-0.00022190234023920037 -8.152695072799558e-6 -0.00029723463373570373;-0.0002548971903011845 -0.0001360289272832533 -0.00013236791645178115;-0.00010466467455111673 9.04907869490973e-5 0.00033498157939731597;-4.2714845710310714e-6 -7.53317370241805e-5 -4.7598894252563744e-5;5.307668620910353e-5 4.771782164019415e-6 1.6701043979770714e-5;3.4332787635950995e-6 0.00011397958924045209 -0.00018597908767024326;-9.816682489702122e-5 0.0001233216862919879 0.00016858129961162019;2.026279103915938e-5 8.952980404813747e-5 5.594349491676707e-6;-0.00012088829351129396 -0.00016434394751866532 -0.00022826527499740162;-4.79780945158351e-5 8.790375051372368e-5 6.539768118188134e-6;6.882630997216547e-5 -1.8232756390504634e-5 9.333558258911526e-5;-0.00012090255605813839 4.385642821365671e-5 -9.888777854088474e-6;9.539708974905078e-5 -6.050764125749581e-5 0.00010555278740911597;0.00016272309748276048 -5.5560026176349286e-5 0.00032229893908490017;0.0001127830836191054 -2.476256188929929e-5 0.00023870880297758955;6.165272462049476e-5 -6.790034068609318e-5 -0.00010198641003650439;2.245140643409806e-5 -0.0001323602230459488 4.263110775745029e-5;-7.860835339143239e-6 9.949716540898253e-5 0.0001793254120785814;-0.0001558535907625942 0.00013816078645374628 0.00016131976360038897;3.070800770527108e-5 -0.00016458569193033846 -0.0002602157599115994;6.512707413369343e-6 0.00015381683984196494 -7.088827010449768e-5;0.00013426603666623062 -0.00020511637264613802 4.958781535096171e-5;0.00018545888112845714 -0.00016384524005673244 0.00020890149552751328;0.00012501406908027357 4.1341053425761e-5 -5.248409922406046e-6;0.0002495763931979556 0.0001229798547104445 0.0001860561314714275;-9.635462232751162e-5 -0.0001998015314064226 0.00020746736992387235;0.00014855876511760412 5.2205975670527605e-5 -0.00022951687530059001;-6.904120500804435e-5 7.704360954593244e-6 -9.711742140156612e-5;-0.00024474710813352337 5.673660728762463e-6 -0.00025591022912257224;6.253721576520861e-5 -8.646914188902323e-6 0.00017340912110778989;-5.431543025906856e-5 0.00011757796816495239 0.00026217965403762215;5.6190592467624076e-5 6.194269500900664e-5 0.0003129311734034257;7.802127280249354e-5 -7.378229398477521e-5 -0.00017832777669626263;0.00012032121391479511 -4.9812150856474926e-5 1.883977665086459e-5;-8.498934780264949e-6 -1.245317224436082e-5 -0.00019076463524485897;5.371959743889673e-5 -0.00019838057661232747 0.0002874583920188005;8.354169867063395e-5 0.00014685880002374239 -1.5377857157006196e-5;-6.147943897877463e-5 -0.0002050721002144462 4.80843517592375e-6;3.517533844458579e-5 -0.00014236078588834923 -0.0003607556965817456;-8.388924877945729e-5 0.0001472509692201939 0.00028548135300078596;-5.7098031498740175e-5 -4.6871257296422685e-5 -7.721974636826954e-5;-6.694523755202146e-5 3.327111217827727e-5 2.0394293470189957e-5;3.0739542607715905e-5 -0.00015367218865228066 -0.00010684283918475647;0.00019361867982089538 9.565494465268236e-5 -0.0002611393294072162;4.416343923064654e-5 -1.4970201769522135e-5 -2.0164111523203347e-5;-6.386184757259988e-8 -2.1528366644987596e-5 -0.0002860748592593123;-1.1381865989339622e-5 4.268732872006395e-5 0.00010102559115387267;0.00017620745096143443 -4.960381835720839e-5 0.00011617930391044117;-0.0001692389191239983 -1.105078965111737e-5 0.00026688508155313644;-7.363557025906955e-5 0.00011568639430654944 -3.1341485899455725e-5;7.156946921308986e-5 0.00019298791386974928 0.00015817859581632648;0.0001493308283054045 0.00023225721219424106 0.00018998379864738503;-1.9315503893720874e-6 -7.550611704870586e-5 1.7197596044699896e-5;-0.00011067211704274286 -0.00011327505271198834 -0.00033535143587731304;1.7090352118974587e-5 -0.00014358195206297077 0.0002536903266906539;-2.5706841642549448e-5 1.1890458946888063e-5 8.965845436651634e-5;6.700146072176548e-5 -8.787740403670924e-6 -0.00012262080697038604;3.541867032238132e-5 -6.375491700747482e-5 -0.00012249830597902057;-5.0632494787777074e-5 3.784223140491221e-5 -0.0003064668740620171;0.00016343515645970112 -4.276737249708964e-5 -8.054408063929923e-5;-0.00011059541437553648 -0.0001201053175030533 -9.898732886790843e-5;-7.899194804418592e-5 4.084559989842293e-5 -1.5491118575844003e-5;6.353163581374677e-5 0.00010048896471511852 0.00012158670522838295;3.0790475437998786e-5 0.00010785396384830729 -0.00033468992848597294;0.00010672232427572053 -3.581946412124722e-5 8.136097264915442e-5;0.00020249750366533925 -7.609245724292232e-5 0.0003250084883440571;0.00022986834823280852 0.00014589122794444738 0.0002151028045714232;-0.00019976452160714957 -9.284040903148564e-5 -2.9038334609764842e-5;-0.0002404207384191895 3.268730827046793e-5 -0.00017076694349374777;0.00015074922238876047 -0.0001161695944931809 -7.060600623432003e-5;0.00027359483054687937 -3.3982484014408706e-5 -3.024169310612185e-5;-0.00031666355578804776 -4.934830844412669e-6 -8.171009641816996e-5;-6.499401117471927e-5 -0.00017249122893915343 0.00010297860583224399;0.00023314543026861447 6.0391474323391496e-5 0.0002727548477773384;-7.260265250835502e-7 -0.0002093322672120221 2.9519412108258475e-5;6.367114928664921e-5 -0.00017917500969548837 0.00012541774641044168;0.00012128062299812796 0.00014587496139206025 0.0001236899575785538;0.00019808331546312198 -8.287190761995642e-5 8.12494387772948e-5;-0.00012775397678753728 0.00015720090871464363 -0.00020540376628441125;-6.775671415007364e-5 4.076843349381965e-5 7.498931983833791e-5;0.00028294952381188797 0.00011208489670748727 -0.00012108332788575208;-0.0001237565553933039 -0.00023071784720269598 0.00019370571403464062;-3.758294945089705e-5 -8.559313858632746e-5 9.375564600530418e-5;-0.00012528294223297746 5.1524897216648765e-5 -1.3953127304130796e-5;0.00010753429313975405 -6.834910536886278e-5 0.00019447615182446184;0.00020078492014929708 0.00010155063195598558 -3.8752287358915686e-5;-0.00012304795775943856 -0.0001524349785514877 9.728034501649576e-5;1.6173003882529033e-5 0.00011783858697362676 0.00013129371996575714;-0.00016817834224970728 -0.00018588331668215093 0.0003140118387605472;-0.00016166943879615805 -1.4147405312088166e-5 0.00010290990339226226;0.00015400148985558813 -8.241940265336216e-5 -0.00020150703777347821;-6.852867583886719e-6 -0.00019393847261638337 0.00025116515764370974;-0.00018739971362070128 -5.837602365486589e-5 -0.0001822493640664705;7.893016464271705e-5 -7.953896767229842e-5 -3.447277612047583e-5;0.0001918139944635123 0.00010774874139730726 0.0002645628692212434;9.697978680354764e-5 -3.343108391049768e-5 6.168279875109681e-5;-0.00025860141031607545 -9.59945811690489e-5 -0.00012633256501013438;-4.021177211009351e-5 1.5989447899187387e-5 -5.7094409393984614e-5;8.832932259252808e-5 -3.684179139616237e-5 7.25662050379232e-5;6.315534729504158e-5 -0.00012288803614714992 -0.0002988253566502824;-6.520968004544253e-5 0.00014253618990263172 -0.0001515915753408932;0.00013731136265179102 -8.63703137366228e-5 -0.00024940229918146223;-6.246521914294288e-5 -7.836460247451545e-6 -0.0002783909770686056;0.0001727989035054377 9.95525780122085e-6 -0.0004971366593505466;0.00012655392006236392 -0.00014427427577892276 0.00015092778731999877;0.00013745439460548237 6.342000556657738e-5 0.00011695467242834939;-9.72382647042037e-5 -8.727376932747865e-5 -0.00011848818339451982;-0.0001423834475446168 5.825139576350793e-6 0.00030817355216374617;-9.221162428946741e-5 -0.00027451079577386705 0.0004431132891214527;0.00014613703317114334 2.3802233744559544e-6 0.0001586230535750962;-4.1487430798138296e-5 -5.550854297167509e-5 -0.00035412498948703423;-0.00010785276014104394 3.364607285425144e-5 -0.0002594123955168813;-0.0001857474883287757 -5.07841057025973e-5 -9.596259902565834e-5;0.00012070388665745494 -2.6601029697775565e-5 4.907812499954412e-5;0.00015418107932041933 6.939249910295778e-5 -0.00031012195428120745;0.00018973619818202055 -0.00013695835449171857 -9.242354615710602e-5;1.467078380698959e-5 9.11346212530791e-5 -0.0005014988122366992;0.00012384527438162544 -4.747195343337886e-7 -2.2894371539643745e-5;0.0001486574089522721 0.0001556096804693421 -0.00014137059128786875;5.689347750683515e-6 0.00012180281230599077 -5.078562144615807e-5;5.378642962632172e-5 5.5198958130319505e-5 -6.91217453568377e-5;-2.2455760884810505e-5 -7.871146668323555e-5 4.98604781749276e-5;0.00011991387785207604 -0.0001362287350280576 0.00028401726312894644;1.2612114280854527e-5 6.084242303886219e-5 -0.00016083366833167593;3.3097315917514816e-5 6.934557084610332e-5 -0.00017008061744672442;0.00016226919799335846 -0.0001863107397203138 -0.00017624610858440578;4.099416786228016e-5 6.810595560452283e-5 0.0001570620214202471;5.768217923200145e-5 -9.930903305247857e-5 0.00019575742698028554;0.00019543044096482487 -0.000169943942298611 -9.270744158545725e-5;2.3655220070158725e-7 -9.267576946015684e-5 0.00023602215855047568;-7.769483017803257e-5 0.00017535433092954065 0.00010948192131894541;-7.607593979206637e-5 5.5229635912472354e-5 0.00013399271037221045;-5.131627287441757e-5 0.0001307164446899791 -6.961724640144384e-5;0.0001856735994548332 0.0001305482127989934 -6.470877295794265e-5;1.9675416074333218e-5 0.0002076228140589252 2.5877218329178948e-5;-0.0001707432254932573 -9.114306407194608e-5 7.93016757409461e-5;9.3113440741945e-5 5.9654184201308505e-6 -2.4050828237018847e-5;-4.619000009036134e-5 0.00019345746812903807 -3.217501947796019e-5;5.331392180934155e-5 -1.2414722603836856e-5 9.442109078768764e-6;-8.039889459660618e-5 -0.00015035707906327947 0.00027783508408752317;0.00020931613277134055 -7.803956706218638e-5 5.161024600367319e-5;-0.00024765377573082893 -6.922973756842643e-5 0.00020566426866132435;0.00015321004839097854 -0.00011320021419935293 -0.00019035109210876515;-2.0087366451078936e-5 -2.0327419937874673e-5 -0.00024229061425587865;-1.946056200926849e-5 -3.015256156559944e-5 0.0005291881849924217;-0.000142688595568772 0.0001742408327946981 0.00030489507043264215;9.786444280768151e-5 -0.0001303884398236066 -0.00015179291505730734;0.00013483483886555012 -0.00017337655596347392 0.00024275857472458485;-3.687668795858927e-5 -0.00019983209783588755 0.0002372904439545089;3.731581981656324e-6 -0.00014369281711850305 0.000293710743699612;5.802410186442924e-5 -7.938412667568636e-5 -1.4861328481172878e-5;-9.025304239765501e-5 -1.2085602438786132e-5 -0.00012249620243430463;1.147725434506067e-6 7.679994342272336e-5 -7.362868978484947e-5;7.935413145664853e-5 3.592868270204246e-5 -0.0002417502583304859;-0.00012075881135758898 -0.00010066436911083133 6.117342672634598e-5;3.3880010063678766e-5 9.496560070593925e-5 -0.0003748237691107493;8.850220742751069e-6 0.0001487079412888113 6.50684203317908e-5;-0.00016916499514328862 8.889915950156612e-5 -2.3662904520940744e-5;-3.626979654636478e-5 0.00023150088606733858 -0.0002666297391174321;-8.169110123689342e-5 -5.606319719092247e-5 0.00024785861132001045;8.389949807649441e-5 3.2956192861111114e-7 0.0002265683336193856;3.53073431377599e-5 0.00020320653064075054 -9.124238500295225e-5;-0.00021653413689431289 0.00017468302238545492 -4.630070359713323e-6;1.311280083873693e-6 0.00025108209557916055 0.00021275972208697325;-0.00013822364438548966 4.847897302597948e-5 -0.00023015298957212126;-0.00017006482213974153 0.00017339550498820836 -0.00015683165133864346;0.00017940335034173803 -1.2237496436645278e-5 1.8131855448635807e-5;0.00012935036064670586 -7.465576526251266e-5 0.00021711265687190004;-0.0001679459968826862 0.00019333262056989167 5.952397962172761e-5;9.439960024364406e-5 -5.836859502179359e-5 -6.685335005167571e-6;0.0003037088414667766 -0.00023569983195469925 0.0002821619077450999;0.00011549936076551013 -9.446617459494382e-5 -0.0001748668065503126;-9.864157753066203e-5 7.799108122163656e-5 0.0004650448735650906;-0.00024163735054743776 -6.442637158283981e-5 -5.072800187965968e-5;7.797771618881186e-5 -0.00020820386579366957 -0.00014004285231051654;8.136782509644803e-5 -0.00013746396499826974 7.968325213247626e-5;3.9258445411618446e-6 6.234305472757934e-5 9.752915614867035e-5;6.853950431664361e-5 0.000122074308389664 -0.0003273491323489987;-9.903442416672267e-5 8.045683447671471e-5 -5.3601447873112814e-5;2.0901504396747235e-5 -6.52396391722139e-5 6.71012022780418e-5;0.0001966148691041924 -0.00011399349076253772 -7.626313973958e-5;9.21139549045792e-5 -0.00021746187960378245 0.00014477446185094743;-0.00013558190301532453 4.586893197826191e-5 8.469233328155776e-5;-0.00017206882718016306 2.22720910967212e-5 0.00011138140418308919;-0.00011371161157655407 0.00015145268119565509 -6.961934096839458e-5;-9.330403990119583e-5 -0.0001726449987554998 5.326546457395479e-5;0.00010505964934437506 -0.0001767414210564361 -0.00010573592799042711;0.0001647177614723693 2.9840108488942738e-6 -9.163655052727435e-5;4.948811256255245e-5 -0.00010939794026801045 -0.0002444457492751912;-5.305993990537861e-5 8.729622731609024e-5 0.00027079292490776307;-8.050338742823473e-5 3.707498921529975e-5 -0.00011565543760234918;0.00011075248912823165 -2.5720504961449453e-5 -2.3471034603721945e-6;-3.1275953879014155e-5 -0.00018857808211087442 -0.00016460676969428108;6.94388308872922e-5 -5.68251594611583e-5 4.101420080634882e-5;-2.8525119834013605e-5 0.00011371655502513666 0.0002834337071455635;6.785602219141569e-9 6.773009174524786e-9 -0.00001208538745444167;9.37155676865975e-8 9.348346213421892e-8 0.0000120953763964088]
[1.3419330824604475e-9 -7.233353044989863e-8 3.715131586364383e-8;0.0 0.0 0.0;-8.058549781393327e-8 -6.314555777266389e-8 -4.176972989006385e-9;-2.193708232722776e-8 -4.790144304377446e-8 1.5903862761925684e-8;1.1268347951147675e-7 2.298323349405845e-8 -2.2136397067340027e-8;-3.6844530492858666e-8 -1.1837975050643991e-7 -3.990368428852224e-8;2.768777138071073e-9 -3.294692769458411e-8 2.067697372633943e-9;9.220629247781416e-9 -4.364469687913675e-8 2.0748251775809122e-8;0.0 0.0 0.0;0.0 0.0 0.0;-5.502417609387987e-9 -1.2958916448466555e-7 -2.4856391120632758e-8;0.0 0.0 0.0;-1.6191891864243706e-8 2.492843804479282e-8 -8.935059059058887e-9;-3.4271616538402756e-8 -4.06507592949065e-8 -8.071110153484485e-9;-6.705567776449349e-8 -7.619519048634725e-8 -1.1240306318372072e-9;7.50050985543063e-8 -1.1209341762137602e-8 -1.753049190640098e-8;1.0193875159235122e-7 -2.904704415551721e-8 -3.0367826356894886e-8;-8.049301523828477e-8 2.8697527584544135e-8 -1.0102276416121415e-8;-1.672739637156764e-8 1.651404986513623e-8 1.5435748736557765e-9;0.0 0.0 0.0;-9.361901655482184e-8 -3.666082281433136e-8 6.610817934430935e-9;1.3993880681297963e-9 8.514499295487195e-8 -9.971156347586073e-9;-2.863729686719664e-8 2.122283813296457e-8 -6.09042606553648e-9;-4.087670637799835e-8 2.2446795902104098e-8 2.967465742607724e-10;-1.1547467933084812e-8 -1.298674874401519e-8 -1.0748176085028533e-8;-5.103296912380013e-9 1.1378695599396292e-8 3.758654006401879e-8;-7.71181336987856e-9 4.534515287322294e-8 4.1385622112578124e-9;-7.035092269230238e-8 -1.458078449861236e-7 -5.794924232830829e-9;-5.7176343665638984e-8 -6.363534038650512e-8 -2.240006374130817e-8;-2.1965896739923837e-8 3.4446793482183776e-8 -9.989785252168228e-9;0.0 0.0 0.0;1.2918814146973683e-7 6.826871090334369e-8 2.9017529715213724e-8;7.294967117628027e-9 -1.567627414568773e-8 2.6918415063394533e-8;0.0 0.0 0.0;8.563311191078744e-8 1.1037477735451375e-7 -3.306878984751739e-8;-7.826515527757354e-8 -9.912908129355096e-8 -4.330355299746758e-9;-2.0307590749530535e-12 -8.662168281762248e-11 -4.908218898175108e-11;-4.281778643901433e-9 5.768993035914264e-8 1.5602757302609157e-8;7.835164057942614e-8 2.9894395424418815e-8 2.2633481948553396e-8;6.17750221585054e-8 -9.905705315124312e-8 2.892927370542598e-8;-7.307289094742974e-8 1.6346925624134676e-7 4.336404246451872e-9;0.0 0.0 0.0;-8.448057502750329e-8 2.5003409886102286e-8 5.121230309057294e-9;-1.1175673616416082e-7 9.331989340009216e-8 6.178466987884928e-10;3.3187301841325174e-8 3.058826268910359e-8 -9.039867196144443e-9;0.0 0.0 0.0;6.122727607865638e-8 -1.4892250661775392e-8 3.048040105414071e-8;1.1391310425456165e-8 1.0849153795985222e-8 -6.119766554063988e-9;-2.6000949567105012e-8 -1.0631243104086728e-7 2.264308879078491e-8;2.939414307636305e-8 3.1334074419625236e-8 7.395770691293784e-9;-2.5980224922371605e-8 5.076056851321833e-8 -8.40624748232712e-9;0.0 0.0 0.0;0.0 0.0 0.0;-9.846479728194449e-8 6.556739495391263e-8 -3.52702619649393e-8;5.208490309790784e-8 9.109934722136664e-8 -2.2605391317720164e-8;-2.4528844913015164e-8 -5.2821438946621636e-8 -1.952416559072364e-10;0.0 0.0 0.0;-1.664553085670303e-8 2.130939707741555e-9 -4.0501124450179515e-8;0.0 0.0 0.0;-8.655534147521515e-8 -5.191344285398625e-8 -1.8475481462628018e-8;-1.333574967964111e-8 -9.011016770338345e-8 1.703246051343836e-8;0.0 0.0 0.0;6.315060431830515e-8 3.1817148125415293e-9 1.7382008293010715e-8;-3.1922039113472374e-8 2.8181314460131243e-8 -1.0937158004212088e-8;-6.613674076207568e-8 1.0924966839913068e-7 1.439245955755536e-8;-1.5341234658243852e-8 -3.388867903683157e-8 1.3130386002206319e-8;4.056723658779886e-8 5.853011848767101e-8 2.2129823945946356e-9;0.0 0.0 0.0;4.321314404642113e-9 4.1735310772286415e-8 -1.6987415206603685e-9;-1.2067860436110711e-8 1.4741909303444413e-8 2.9030728975014712e-8;-9.889541626725907e-9 -4.476768602441261e-8 1.4558072690024437e-8;4.1525597597338055e-8 7.136532474343269e-8 1.5414305945021265e-8;-1.8545942202875052e-8 -3.758697611319251e-8 -9.727138243276684e-9;-7.96906530494877e-11 3.619808034522213e-11 8.8835138026969e-11;4.5845105707960995e-9 -2.1072385786230926e-8 -1.5994546994886558e-8;3.8936341637697905e-8 1.196499798451196e-7 3.700191117071317e-8;-1.55842412896489e-7 -8.524208181077653e-8 -3.346849258575749e-8;-6.72680808492241e-9 9.651281281184524e-8 2.5489992304010566e-8;0.0 0.0 0.0;-7.90533893412208e-11 -1.5828784308449722e-11 -1.3108552603633042e-10;-3.747973569505153e-9 4.918990484370012e-10 -2.779870085317868e-9;-5.7020072866939866e-11 -1.2755771287516592e-11 -6.166200545658669e-11;1.0696400590615018e-7 1.1348214771946501e-7 8.606291857369533e-9;-8.897326318562094e-8 2.2776196628490203e-8 1.0200295864267676e-8;-8.063780479645493e-8 1.308545215159412e-7 2.9271242611862067e-8;0.0 0.0 0.0;1.2162085825917256e-7 -1.4890080131003477e-7 -1.6188302814724873e-9;0.0 0.0 0.0;-4.454179353899683e-8 -9.634490693332236e-8 -8.922515938315532e-10;4.0249545126950847e-8 -1.091689236879183e-7 -3.425955602004486e-8;0.0 0.0 0.0;1.6687997210279555e-8 6.008892294234821e-8 -1.4906775734374435e-8;-8.019296977732547e-8 -7.809354503759842e-8 -2.169638295630852e-8;2.9239461053825168e-8 1.1210024702724014e-7 1.9375482715853482e-8;6.332171980072206e-8 1.0131826629331791e-7 2.598933551339132e-8;0.0 0.0 0.0;0.0 0.0 0.0;2.2275348427741313e-8 -9.245029748924831e-8 -1.1075376526424785e-8;-6.64077442765035e-8 -1.160458915731628e-8 2.0904253029809512e-8;6.872629017994608e-8 4.484679461390972e-8 -1.3175430582697041e-8;1.0870657073459164e-7 2.3680150487194037e-8 -2.1282473254946085e-8;1.2083063257414373e-7 9.985938308415179e-8 4.426519434608533e-8;0.0 0.0 0.0;0.0 0.0 0.0;-1.1786156385364079e-8 2.2089125513256534e-8 3.919471051275297e-9;5.836544351395221e-8 -2.383980500444913e-8 5.627681649206971e-9;6.347080119683956e-8 -2.5472732999650245e-8 5.708008688481778e-9;-1.4554277264490734e-8 2.3318159433623987e-8 -2.8349410163607653e-9;9.686064765475366e-8 -3.5483075549647873e-8 -3.3496797039221944e-8;-9.352099234841102e-9 8.136000165784267e-9 -2.8280479077246746e-10;0.0 0.0 0.0;0.0 0.0 0.0;0.0 0.0 0.0;-1.0836691566864168e-7 -7.715793858807577e-8 -1.8662194374218214e-8;0.0 0.0 0.0;-1.0309175651753412e-8 -2.19467495964171e-8 -1.5949388051747988e-9;2.475242705105198e-8 9.624250578351988e-9 -6.6135384952586676e-9;5.6539851357259436e-8 1.1146074358355316e-7 2.5172624175456905e-8;6.2901342924973935e-9 6.665523827879953e-8 -1.3895752127444079e-8;1.8335087392844386e-10 7.929471187188488e-12 1.7194386800415174e-11;0.0 0.0 0.0;2.734787500006148e-8 6.533088739623085e-8 2.7710936514189338e-8;0.0 0.0 0.0;-9.723867672917221e-8 4.341182031262468e-8 -2.3365261966017186e-8;-6.572041723345882e-8 3.1173381141026264e-8 -2.1783377782837096e-9;4.127793008093251e-12 -7.572290313295852e-11 -4.458089057951159e-11;-5.799725217070578e-8 1.1965209259164625e-7 5.0093043324230535e-8;-1.5519434623646163e-8 6.29231280491096e-8 1.0395452915981338e-8;4.3014160567524524e-8 1.4892433792198279e-7 3.021761134453367e-8;8.459608007512273e-8 -4.548440785313441e-8 -3.2693584875611672e-9;-1.2768659440697303e-8 -8.325805623549539e-8 2.9064150999661478e-8;1.2319708583592584e-7 2.6219006501793935e-8 4.8255578585580416e-8;0.0 0.0 0.0;-4.91226096534849e-8 8.06337848297072e-8 -3.0742255833124776e-8;7.032631625410468e-8 -8.231449548962258e-8 -1.7122021601855425e-8;3.634431364185238e-8 -1.7182529822969203e-7 -2.0534183896520638e-8;-1.3732095716921055e-7 7.386994468820769e-10 9.974234123244762e-9;7.353956057029592e-8 -7.418827076804595e-8 3.2118993801777716e-8;9.518373255601783e-9 -1.3404227832939687e-8 -2.3328256386779417e-9;-5.631178215831721e-8 -5.4042244516546863e-8 -4.211716935154594e-9;6.628633171162734e-9 1.1867441096861494e-8 -3.4106960706336113e-10;5.3037461471143315e-8 -2.829411214969128e-8 7.52199389904684e-9;-1.5306259202191822e-7 -9.070996656521968e-8 8.405217816971623e-9;-5.886496647238812e-8 3.0676968365404336e-8 2.545157962739012e-8;0.0 0.0 0.0;1.5290913961113463e-7 8.413337852302326e-8 2.991492746063245e-8;-7.20064756652156e-9 6.113394739173307e-9 1.4758391120602177e-8;3.72400321827545e-8 -5.875117078971037e-9 1.692123949148368e-8;0.0 0.0 0.0;-4.2517013323914435e-8 4.138322987892447e-8 -2.8047176382916764e-9;1.0471346706036299e-8 4.55048712011058e-9 8.337547723062454e-9;1.0471659742064492e-7 1.8663776132656248e-7 1.5479918230109018e-8;2.0749294546833493e-8 -2.2734389770815776e-8 1.5624123869805652e-9;5.1744813792462507e-8 9.43068738054343e-8 -3.597910318125918e-8;0.0 0.0 0.0;-1.3047213425812388e-7 -2.1967058256500214e-8 -4.140644006688937e-8;-4.42349752251738e-11 -8.063046652689598e-11 -4.6402606919615695e-11;-8.179866458871367e-8 -5.6947085608230514e-8 3.0241003312746246e-8;6.279541793393814e-8 -8.35480847543292e-8 -4.8198106631320095e-9;-6.844814377740563e-8 1.0877027178378161e-8 -2.072375180476461e-8;8.185786874660766e-8 1.2187106977760966e-7 1.5024646183877357e-8;-2.871858229578765e-8 -1.1564986146098533e-7 5.030426791612855e-9;-1.579139961773597e-8 8.572260361187427e-8 4.1741077458065834e-8;1.3338751291077994e-7 1.0666914139789162e-7 -1.2109489416484025e-8;0.0 0.0 0.0;-2.5504753045581986e-8 1.3482919667517211e-8 9.352851232771662e-9;-8.354943868944753e-8 -6.797508211688649e-8 -1.8330191178781038e-8;-2.8979571671294417e-8 5.1365473878484305e-8 3.331947988675773e-9;-4.5626261469578076e-9 -9.424128065593679e-9 -1.6639406209590704e-8;7.732515168782239e-8 -1.1818853090562256e-7 -3.7196337310530884e-8;0.0 0.0 0.0;-1.4044536546876814e-7 -8.930124122740812e-8 -3.4195526942863216e-8;5.749450564966614e-12 8.789821847378697e-12 6.538599548692387e-12;-7.666478446384399e-8 -6.713783617340632e-8 2.9838908775004704e-8;-5.334284839890301e-8 -5.850169391581901e-8 1.8860981519753472e-8;4.1513291086511696e-8 -1.312606483784016e-7 -1.2601296520846844e-8;-5.3687350859435364e-8 -1.3229455890808903e-7 -1.2809161063227281e-8;6.823425147335908e-8 3.3604422556071965e-8 -5.783575706661445e-9;-5.072953222968689e-11 -4.609174573977166e-11 -1.0249441424546817e-10;6.098528116136187e-8 7.54584550180536e-9 -1.7750472664083358e-8;9.354476753476037e-9 2.9429182834152954e-8 1.1481379745743431e-8;4.287439095825738e-8 8.104494284843959e-8 -2.7948218593199682e-8;6.217804301879882e-8 7.413673718053909e-8 -3.354450123536552e-8;-6.679834601014364e-8 -6.14107197199518e-8 4.998937475795596e-9;0.0 0.0 0.0;8.626840750373614e-9 -8.687716856106765e-8 -7.536942095933295e-9;-5.4817446289560394e-8 2.1669672867813262e-8 -1.6118021397000384e-8;-2.851275913069542e-8 -7.261346853122097e-8 2.0050451982086354e-8;-1.0173080889463037e-7 -2.250044402218721e-8 1.9338862210065476e-8;8.502889575458423e-9 7.806533082843892e-8 -4.3488862989211896e-8;1.0428325908250454e-8 -2.3031707427822394e-9 2.628263903971691e-8;-1.9054166086511693e-8 2.4127182434114176e-8 -7.348439795224647e-9;2.8106318519565996e-8 7.499765137122743e-9 -6.245680412817707e-9;5.846339442428167e-9 7.579282992891823e-8 3.448775103017426e-8;-2.3978916676718675e-8 -4.889965997285754e-8 -1.744108268689021e-8;-3.6563716504845465e-8 1.0849004413452952e-7 2.0736807594098576e-8;-1.668121716487877e-8 -3.958291187972413e-8 9.698512890520533e-9;6.310577301996755e-8 -3.950782152773724e-8 -3.7760018633888615e-8;-2.3222068714892283e-8 -4.520735384105761e-8 -7.672353042706687e-9;3.0117770416733874e-9 9.097133252216671e-9 -1.3989848196170034e-9;-6.871060578913374e-8 -1.1245347506377188e-7 -1.6338526474375246e-8;2.3083531712553066e-8 -2.760777306886803e-8 -1.031345793044293e-8;9.281343633227287e-9 -9.026982777781786e-8 -1.1784191703999377e-8;-1.1520994797790599e-7 -1.1508094972157698e-7 -1.2914035133759792e-8;4.420343797735809e-9 4.8026886606260544e-8 -8.452134419101816e-9;9.118407839270136e-11 6.570148499500812e-11 -1.0272005871782111e-10;6.234172364214679e-8 3.578252756735378e-8 8.516642156217982e-9;0.0 0.0 0.0;3.833624797286463e-8 -9.93251196050313e-8 -1.730974448668722e-8;-3.3582631407591356e-8 -6.847474465053329e-8 2.0939667782375042e-8;3.391168538949263e-8 -8.422271155403758e-8 -9.951792427070424e-9;-8.710588346768699e-8 4.918195023998178e-8 2.5161143855629427e-8;1.5708557521648774e-8 1.8476306643184762e-8 -2.3527381994678864e-9;7.787322309516853e-9 6.694915529529091e-8 -2.5709707788444855e-8;0.0 0.0 0.0;0.0 0.0 0.0;0.0 0.0 0.0;2.3972036916612362e-8 -9.03698815503961e-8 2.7530162234412465e-8;-7.784144502888054e-8 -1.145733163975132e-7 -4.715555911134714e-8;0.0 0.0 0.0;4.985573283055234e-8 -1.37452462757266e-9 -3.230408963347329e-10;5.2829025800310095e-8 2.9434018120606464e-8 1.3098978305706236e-8;-8.033916076693244e-8 1.1127831294587356e-7 -4.855033695234829e-8;0.0 0.0 0.0;-1.0846331028295875e-7 4.212815827257614e-8 4.0289177511211725e-8;1.0385818405493516e-9 -2.5227769798111016e-8 -3.220445842531917e-9;0.0 0.0 0.0;4.208779856230098e-8 -3.3016462782733814e-8 -4.211019433106723e-9;0.0 0.0 0.0;-9.09961863913647e-9 8.480561543269427e-9 2.5069268482757803e-8;-5.9248134242416156e-8 -1.6663211877863212e-8 1.7260971153193825e-8;-9.448632252224851e-9 -8.570187867671765e-8 1.9796688194953194e-8;0.0 0.0 0.0;-1.0369793493685284e-7 3.115196794137104e-8 -3.76458385616152e-8;-4.7494588027888266e-8 -6.260413330408078e-9 2.3460828368525042e-9;1.2154716530750467e-8 4.1683061172701825e-8 -5.277474311471506e-9;-7.949483959627603e-9 -8.775244446740472e-8 5.4778061937022395e-9;0.0 0.0 0.0;-4.369221469657745e-8 6.01256734421591e-8 -1.9716093034795183e-8;8.603702918283425e-8 1.1610571122038617e-8 2.1254384172248457e-8;0.0 0.0 0.0;0.0 0.0 0.0;7.689777703373228e-9 9.794110576006232e-8 6.612201764119077e-9;3.780973402196558e-8 -6.846410673769503e-8 2.4575595934965384e-8;1.0737435905404362e-7 1.0882268518347028e-7 -1.8732095011369924e-8;-7.502135535104741e-9 7.941876050316073e-8 1.8986498833521808e-8;-6.7700764137442e-8 4.8974237264124724e-8 1.6038207104123028e-8;0.0 0.0 0.0;3.080825637148332e-8 -5.36521812258609e-8 -3.372529241025909e-8;0.0 0.0 0.0;-6.98249202727678e-8 -7.203041858985916e-8 -1.7857482433544795e-8;2.1900237769188343e-8 6.209739072036743e-8 2.7847051278928443e-8;8.420721868929984e-8 3.908327237008011e-9 8.40284241095783e-9;-6.110565486736022e-8 3.702786138697862e-8 -1.9858400409670493e-8;8.830754929525854e-9 -1.726704613932127e-8 -3.8953744788081553e-10;-3.047953031149973e-8 4.6736072535480656e-8 -1.910534395043818e-8;8.471331500357439e-8 1.2706985739027244e-7 -1.758075752510968e-8;-9.538468195013098e-8 8.011289582833806e-8 -1.3181245593819882e-8;4.200009537341807e-8 2.105027819984248e-7 1.931865039280223e-8;-8.816186118091118e-8 7.805945948783445e-9 3.7975822419372906e-8;-9.765363238322073e-8 1.0973642838015935e-8 2.0126068946800782e-8;3.2876738221145095e-8 5.234934038799464e-8 -2.7451144313369945e-8;0.0 0.0 0.0;-4.4739055537883566e-8 4.58395220965112e-8 1.9992040963577244e-9;0.0 0.0 0.0;-4.6424246434046435e-8 7.465224311066808e-8 2.29566022184242e-9;0.0 0.0 0.0;-5.405389581365159e-8 -8.570695864643753e-8 -2.961641263453239e-8;-1.2281687838831065e-7 6.62145612593072e-8 3.03221339208057e-8;-3.125751514766174e-8 -3.0505606948825365e-8 2.211338562754058e-8;0.0 0.0 0.0;0.0 0.0 0.0;2.7870803633136384e-10 6.9728354597838695e-12 1.4509563854855348e-10;-4.54445563821006e-8 -3.1806861430469536e-8 1.4305788947007117e-8;3.792640092950906e-8 -1.1960319306945e-7 3.8543927645656956e-8;3.1903044743292003e-8 9.092483357486971e-9 -8.429485921157627e-9;-4.5551350843881046e-8 -3.0634116896361485e-8 -1.6749027956869197e-8;4.7432086948318757e-8 -9.99372992048151e-8 -3.298854322817879e-8;7.214836549770487e-8 1.780810052176898e-8 -2.0180971982711593e-8;5.922107819641744e-8 5.5716108407048964e-8 -1.3027647199376059e-8;0.0 0.0 0.0;0.0 0.0 0.0;5.022418982054759e-8 -6.391140407122807e-9 1.0541504548236796e-8;7.785715134292502e-8 -9.196063112026912e-10 -4.346951772923751e-9;0.0 0.0 0.0;5.291688924534696e-8 -1.1040838959109763e-7 1.4366018817326628e-8;-5.220119425486318e-8 1.6967445299199945e-7 -4.396913779183833e-8;-9.414367295887894e-9 5.486608951468338e-8 -1.3823566615799315e-8;-2.953087158611911e-8 2.7176079623189075e-9 1.7926496489642802e-9;-3.857161970842631e-8 -7.825151348819445e-8 -6.875598318015924e-9;0.0 0.0 0.0;6.197127995794382e-8 3.0505778249909425e-8 5.488382080351797e-9;-2.2417227050748584e-8 -2.644939566529368e-8 1.857619090093774e-9;-9.913804104670938e-11 1.5406409705062753e-10 1.6499886897515678e-10;-3.205683669177699e-8 -2.9108127235583718e-8 1.2715567516980993e-8;-4.743814168227729e-8 -9.15363880707387e-8 -1.4530369770106716e-8;-5.132151805781772e-8 -2.9248362402876858e-9 -1.5305370497204584e-8;3.036129976961639e-8 4.505847221920118e-8 5.117210724001615e-9;6.989667231767148e-8 9.362455720282544e-9 -2.675654948158239e-8;-7.63780772787732e-8 -6.003606618390496e-8 -7.28841455216581e-9;0.0 0.0 0.0;8.361046767940242e-11 -4.450779269723308e-11 -9.993497450186828e-13;-1.1848427323628012e-7 2.4341776399410374e-8 -2.3086116748629857e-8;0.0 0.0 0.0;-1.0633069253445728e-7 -8.000405498257768e-9 -1.7997025100006199e-9;0.0 0.0 0.0;-5.8852806878659426e-8 -7.52539796866274e-8 1.495095067101713e-8;-2.358283010578556e-8 -1.3726974049790163e-8 -5.2490067890574064e-9;-2.7378722755318202e-8 3.6910516477694306e-8 -6.479517392798698e-9;-1.5283749043902656e-8 4.0655412937397e-9 1.820552407706426e-8;-3.897105864887648e-8 -4.050165626928905e-8 -5.731040163903854e-9;-4.39025630232758e-9 -1.50981879680468e-7 1.5816338537852544e-8;2.384672689245141e-8 -1.0618333751104057e-8 1.0758480147207826e-9;0.0 0.0 0.0;9.35455364608293e-8 1.1788334522503472e-7 -3.3658787671342e-8;-3.1189039029287037e-9 4.2130724053053624e-8 -5.5454014953082e-9;-2.6168997398402592e-8 -2.0671199279565392e-8 -2.3412580248329116e-9;-2.2309668544782497e-8 -8.389345839953091e-8 3.604827520394451e-8;1.6445879421669427e-7 -2.389464529406809e-7 1.2144725069794233e-8;1.3442888604809639e-7 3.6154779065254956e-8 -3.1086192125461395e-8;0.0 0.0 0.0;-1.4529467072095808e-10 1.4714778265572355e-10 -6.895944419136477e-11;-5.4888854174920545e-8 -3.827964469286425e-8 3.172690167369246e-8;5.987904841255747e-8 4.8915693661899964e-8 6.375264299600777e-9;0.0 0.0 0.0;5.118731590455494e-8 -5.298683263775561e-8 3.894237743335315e-8;0.0 0.0 0.0;0.0 0.0 0.0;7.73814139022e-11 -1.103009597815109e-10 -7.838530227925806e-11;-1.176826242700903e-8 -4.761059733818984e-8 4.878403998750921e-9;-8.678501350326657e-9 -9.367963749336647e-8 3.13501280569382e-8;-3.909109997494898e-9 -4.076117554097822e-8 4.6022880638457185e-10;8.050431259531605e-8 8.834162732541687e-8 2.8846958010210003e-9;0.0 0.0 0.0;4.256885484941835e-8 4.994291551118039e-8 2.4438837396928995e-8;6.247824692781958e-8 9.258919706553087e-8 4.9720977290196963e-8;7.247603965491817e-8 1.9220695662230446e-9 2.6162693144541463e-8;-3.296442295315943e-9 3.2908871924154876e-8 8.035492898616385e-9;-1.340466880619772e-7 -1.310431362476875e-7 3.2538864023133675e-8;-9.225158756475694e-8 -9.612184136912368e-8 -3.509038576436656e-8;-7.051772737584055e-11 -2.1823514900694844e-10 -2.806385621143189e-11;4.926932587413189e-8 -1.0988538687776523e-7 6.50252537855416e-8;-1.0484000758805359e-7 5.088919680591167e-8 -1.1929368575529068e-8;-3.942211097957478e-8 7.629029271254357e-8 4.164744216928973e-8;-7.670666088015311e-11 5.818903364064332e-11 -4.242997681911284e-11;-1.4941961165069953e-8 -1.0879285155653728e-7 3.3339246420859884e-8;4.2577690133324855e-9 1.4708253034576694e-8 4.985777701539829e-10;5.990835476450875e-8 2.310222493481406e-8 -4.172045341178226e-9;3.2207882420333895e-8 -3.512442603095692e-8 7.177167826244093e-9;4.557354856842357e-8 4.6490756709597535e-9 -1.0611954186290161e-8;0.0 0.0 0.0;5.082563996898908e-9 -2.5181742840189133e-8 -1.982501268591592e-9;-4.4813361831896844e-8 -3.3739202184786465e-8 -2.6198894666558037e-8;0.0 0.0 0.0;0.0 0.0 0.0;5.3224857339711536e-8 -2.305275213777398e-8 2.2877260239569628e-8;5.524822569781858e-8 4.759077451930148e-8 -2.0487852011471576e-8;0.0 0.0 0.0;0.0 0.0 0.0;-2.6995135190532722e-12 1.9970763339524087e-11 -3.2108503234230884e-12;-9.74221068173971e-9 6.664825731718619e-8 3.61837930544466e-8;9.39345488821643e-8 -4.4379702579045635e-8 1.2688983362566239e-8;9.965686143749418e-9 -5.542194027615443e-9 -3.31577021681826e-9;-3.593028689057731e-9 5.426533016007509e-8 1.2486376325923727e-8;2.4513405249603255e-8 -1.1784611067845489e-7 4.42371573136571e-8;-1.8418486202184012e-9 7.141989194302658e-8 3.5589743189747477e-9;-1.2757632416763133e-7 1.292629255525351e-8 -3.9410825512243627e-8;1.1303171624192863e-7 -5.0709759528520814e-8 -1.3605826458880439e-8;1.4983082687379508e-7 -8.455346624313816e-8 1.3302956592403821e-8;0.0 0.0 0.0;1.0151760169611022e-8 -1.808730526174277e-8 4.4902884452745845e-9;-7.556794143902867e-8 -8.849021119332757e-9 1.274738100813446e-8;2.350089192659468e-8 6.305400779037871e-8 7.708133886106992e-10;-8.17231951242363e-11 7.358516619104792e-8 3.384714186767966e-9;7.758076920205956e-8 8.082381597895019e-8 8.688318970485463e-9;-3.088561543443424e-8 -3.2059980362832344e-8 4.844961390586054e-9;-2.0651025557746686e-11 -5.000721779444851e-11 -8.414673163292373e-11;6.263405007004531e-8 -9.163454339123472e-8 -3.070862451134802e-8;2.5472846364690035e-8 -2.950212801161193e-8 6.963564374826513e-9;0.0 0.0 0.0;-6.003305295320778e-8 -1.6735076039939574e-8 -1.71380762005803e-8;-4.130664262334473e-8 -1.246190072730113e-7 1.648984334699132e-10;-5.833863603249089e-8 -8.754228866404677e-8 2.899942387905735e-8;8.373258635530411e-8 -1.3458608055760426e-7 -3.1837515315669476e-9;0.0 0.0 0.0;-1.4389888048617354e-8 -1.0935966530470939e-7 -2.3787369774886207e-9;1.0047999612881706e-7 1.0122106838452741e-7 -1.5647078240017902e-8;5.793351018308009e-8 -4.355004483995103e-8 -1.8132352499802076e-9;-5.1629194650353056e-8 -9.565531232278506e-8 4.716618756806807e-8;0.0 0.0 0.0;3.2875199170337607e-8 -7.084041771962976e-8 -2.3570410999292166e-8;0.0 0.0 0.0;-9.339877414097674e-8 -3.9637522664345206e-8 2.1957607507546504e-8;7.023374061569196e-8 -6.54398101076278e-8 -2.1370702752924163e-8;0.0 0.0 0.0;-1.1658834753322979e-7 -9.329057381546424e-8 -8.111059033529692e-10;-7.486395362459204e-9 7.94952447722247e-8 1.818874715931242e-8;-5.908734251611983e-8 1.307316331657197e-7 5.486457003406891e-8;-1.935562346568119e-7 1.2082281225105864e-7 -9.55005165969232e-9;0.0 0.0 0.0;0.0 0.0 0.0;-3.042884749012732e-8 -4.5610060307860407e-8 8.787834252521281e-9;0.0 0.0 0.0;0.0 0.0 0.0;0.0 0.0 0.0;-2.916089799723573e-8 2.7287873747108542e-8 8.8815521521027e-10;3.853858083922353e-8 1.0189170232432643e-7 -4.3759488078250146e-8;3.114939708816779e-8 9.461283415890645e-8 3.659882222515788e-8;-8.41881183826179e-8 1.912224489476603e-8 4.157463751757479e-8;2.823233023199507e-8 -9.20220527319771e-8 -2.07012903462304e-8;-1.5706968904349724e-8 1.0439684036590103e-7 2.245007425745748e-8;5.824397813524329e-8 -9.9625185492522e-8 -1.5542166247493668e-8;0.0 0.0 0.0;5.449105192543412e-8 -1.4282579071506502e-7 2.780181523232951e-9;9.001619209855837e-12 -6.140210439684334e-11 1.0847250063400328e-10;-9.049401882984939e-9 -1.0230154594499598e-7 1.2975573063015626e-8;2.3507565735922045e-8 4.257936202593959e-8 -2.94934389942373e-8;-1.6349924855168292e-10 -2.980270773048476e-11 -7.984994818766935e-11;3.990071856776679e-8 8.019477370062845e-8 3.051073082256371e-8;8.078438205201315e-9 -1.891373649065425e-8 -2.718153621814254e-9;-1.2595137669839514e-9 -9.435654881989944e-10 1.3029550168131107e-9;-1.1095668180080893e-7 -7.737080413484104e-8 -9.650920034423215e-9;0.0 0.0 0.0;0.0 0.0 0.0;2.567952441351521e-8 3.678997616127231e-8 2.257672822099797e-8;-1.2849744387533016e-8 -1.0968149585652733e-8 3.485027869646795e-8;2.1120868281608745e-8 -1.378655589078763e-7 7.999040641126187e-9;4.6087038241922734e-8 -3.9486444148121984e-8 1.5772917774275613e-9;-1.0718195333599092e-8 -5.51480193448435e-8 1.2689073139236008e-8;0.0 0.0 0.0;7.982505802727195e-9 -1.1631030532137569e-7 2.3056360590947187e-8;-4.212088549948215e-9 6.6551086321135e-8 3.078722171136044e-8;1.08112888732873e-7 9.53387631374326e-8 -4.280772499699099e-8;2.1816723163644043e-9 -7.782867806319867e-9 4.327401806254614e-9;0.0 0.0 0.0;-1.2561449650227513e-7 1.2738300919199643e-7 -3.673521050367576e-9;0.0 0.0 0.0;-9.461125431526886e-8 -1.230773452592593e-9 2.0743998980394595e-8;-4.526178069254569e-8 1.2838020611229814e-7 -1.5387889725249762e-8;-7.150326661574034e-8 -6.51785260285984e-8 -4.651462924682451e-9;-2.2930922976899182e-8 5.570764339178366e-8 -1.1454949163615833e-8;-7.357983210402282e-8 -8.408446113655534e-10 1.1295665358786464e-8;5.936311772392347e-8 5.125302272551364e-8 2.2567138427559424e-9;6.458608987446392e-8 2.1335739770189776e-9 2.220375405778812e-8;-5.4780490685108884e-8 -3.29831882251066e-8 4.315349369935683e-9;2.105495164117693e-11 -2.322687832166719e-12 8.16235202331091e-12;-2.090123800312812e-8 2.2981541839406868e-8 -8.05238407174006e-9;0.0 0.0 0.0;2.4167738814948167e-8 5.9268984669760645e-8 4.759080659989084e-9;0.0 0.0 0.0;-1.7256376277772087e-7 1.328937129967489e-7 -2.0328247966290297e-8;0.0 0.0 0.0;-9.653668102557839e-8 1.424501669305444e-7 8.745013995001048e-9;-1.1772222907732586e-7 -1.0169376401053857e-7 7.982924923519958e-9;0.0 0.0 0.0;6.379553858771049e-8 1.0406534849808129e-7 -5.660075540246025e-9;-7.9019778716464e-8 5.217496781187386e-8 -1.4376852993524254e-8;-8.155769748578158e-8 -1.0771791577743266e-7 -6.203667909603208e-8;-2.0432595018184006e-8 9.995064429135683e-8 4.020763796539379e-8;5.3052490906151256e-8 8.208950080744434e-8 4.027730187500529e-8;-5.94656900881218e-9 -2.7174883150596948e-8 -5.098213517880992e-9;-9.822121338168095e-10 -2.4416318235539918e-8 4.132420554097444e-9;7.090982669766538e-8 1.3127964020041405e-8 4.381330506670252e-8;1.078461897417502e-7 2.0130783117758766e-8 -2.029522070701912e-8;-1.1716546734458768e-7 -5.7367176774232983e-8 -4.033833657083972e-8;-7.42659298469689e-8 7.88539337651287e-10 -2.7979978099572537e-8;-4.401792818060941e-8 1.607892857589518e-8 1.9743444145861306e-8;0.0 0.0 0.0;9.478822516188548e-9 2.0864894882555724e-8 3.485686144994723e-9;6.088242031903372e-8 -1.2643872517730662e-7 5.134089769743747e-9;-3.7729858275706546e-8 4.547221198956249e-8 8.136397276667004e-9;-9.743907208650054e-8 7.857837584978172e-8 1.173031734591654e-8;-1.96050969716029e-8 -2.4261150976549075e-8 -1.3071188300768175e-8;0.0 0.0 0.0;0.0 0.0 0.0;-5.955362161440391e-8 -2.9932384780748036e-8 -3.7638638402439985e-8;-2.957575956570348e-8 4.4827763067681867e-8 -9.430589180635942e-9;3.311099803760874e-8 -2.674165466734957e-8 1.4019732351887395e-8;-1.3225861929730326e-7 9.21437978861146e-8 -4.5742612284194844e-8;-1.9879823647741545e-11 -7.629655129541021e-11 1.7744865222383806e-10;1.1907329731098424e-7 -2.8908851250993897e-9 1.2307079561830996e-8;7.959872879149579e-10 -8.553735682209269e-8 1.7569987366221574e-8;-7.31102946493612e-8 8.621542661298422e-8 1.9581368336764934e-8;0.0 0.0 0.0;-1.4452270059718065e-8 -5.330941678325446e-8 8.851729453066479e-9;0.0 0.0 0.0;0.0 0.0 0.0;-6.583245828791674e-9 -1.383930243011104e-7 -7.093690900561307e-8;-1.2040317498671533e-9 9.072055467871227e-8 -1.1056193548607046e-8;6.61886087042619e-9 2.3877971188266563e-8 7.097745851506688e-9;6.355736516450478e-11 -9.316106794931813e-11 -7.972124552409897e-11;1.1905318219808527e-7 5.319275988198628e-8 1.970128428322834e-8;-1.1043850811138034e-7 -8.007953264504875e-8 7.723538316511496e-9;-1.3850209997243114e-8 3.663662105024678e-8 5.457370701740681e-9;-6.756686596422823e-8 1.238001662424174e-8 -1.8700777890811218e-8;-4.829090554723107e-8 -9.721782987586651e-8 1.548626299070666e-8;0.0 0.0 0.0;0.0 0.0 0.0;-8.067075120680361e-11 5.3088122045229973e-11 8.610995557834032e-11;0.0 0.0 0.0;3.780002478238562e-8 1.0717164192512311e-7 -2.9210940596634196e-8;0.0 0.0 0.0;0.0 0.0 0.0;1.3211481585412895e-7 3.793592739967998e-8 -3.077763511024709e-8;6.700759031558831e-8 1.0035999237906272e-7 -4.5715295439379714e-8;5.6346371890212784e-8 4.4035161767736964e-8 2.648764038820589e-8;9.581578359608033e-8 -2.8836863695092457e-8 -4.0125253394756795e-8;0.0 0.0 0.0;0.0 0.0 0.0;1.015331779161518e-7 -2.82364522781326e-9 4.360030019108998e-8;5.705847528957434e-8 1.3067304704081204e-7 5.893545561576622e-9;5.487236573618253e-8 2.7934206942588746e-8 -2.0377961123080994e-8;1.6877711396606464e-16 3.4082561276647846e-16 1.2603522696922928e-16;-9.838071286239604e-16 -4.859542518567271e-16 1.2905331141490663e-16]
zeros(1,514)
[1e-4*ones(1,512) 8e2 8e2]
[1e-3*ones(1,512) 0.2 0.2]
[4e5 0.002 3e-1 5e-19 0 0.5 0.5 80 10 1]
